GAMS 46.5.0  a671108d May 8, 2024           WEX-WEI x86 64bit/MS Windows - 09/07/24 13:02:35 Page 1
G e n e r a l   A l g e b r a i c   M o d e l i n g   S y s t e m
C o m p i l a t i o n


   1  *Cambia el número de i dependiendo de la cantidad de nodos que tengas en el problema
   2  Set
   3  i /1*40/;
   4  alias (i,j);
   5  *Cambia el nombre del csv que estes usando
   6  Table c(i,j)
INCLUDE    C:\Users\progra.DESKTOP-GV4Q93K\Documents\Vstudio\Geneticos\retointegrador\dist_matrix3.csv
   9  ,1,2,3,4,5,6,7,8,9,10,11,12,13,14,15,16,17,18,19,20,21,22,23,24,25,26,27,28,29,30,31,32,33,34,35,36,37,38,39,40
  10  1,999.0,18.03,1.97,16.43,12.85,6.59,1.32,17.05,17.63,18.34,14.79,6.02,14.05,13.06,6.62,7.79,18.65,12.76,9.39,17.97,8.57,12.27,16.55,8.1,10.05,18.31,5.72,5.12,12.48,8.38,4.93,19.24,9.35,13.28,11.61,19.2,5.27,16.99,6.93,7.35
  11  2,18.03,999.0,19.77,16.68,24.13,19.34,18.5,20.85,0.41,0.63,18.07,17.68,10.56,24.21,13.85,23.99,18.87,20.36,20.63,26.33,16.27,12.74,17.89,11.83,16.01,20.77,23.63,13.03,17.21,16.55,20.6,22.13,8.92,21.83,19.34,1.59,21.26,2.19,11.11,24.95
  12  3,1.97,19.77,999.0,16.65,11.66,5.84,1.31,16.74,19.38,20.05,14.74,5.78,14.99,11.88,7.48,5.95,18.71,12.23,8.53,18.89,8.67,12.95,16.62,9.23,10.19,18.1,3.87,6.75,12.46,8.42,3.52,18.92,10.96,12.53,11.17,20.99,3.68,18.62,8.73,5.39
  13  4,16.43,16.68,16.65,999.0,11.41,11.53,15.64,4.47,16.56,16.39,2.79,10.93,6.24,11.35,10.2,16.24,2.56,6.87,10.18,33.36,7.98,5.22,1.28,9.9,6.46,4.09,19.04,13.45,4.43,8.24,14.38,5.45,12.4,8.12,6.88,18.24,14.87,14.5,14.35,19.03
  14  5,12.85,24.13,11.66,11.41,999.0,6.47,11.55,8.43,23.85,24.1,8.63,7.78,14.63,0.22,11.05,7.37,11.98,4.59,3.9,30.55,7.93,11.91,10.49,12.71,8.15,10.01,11.63,13.88,7.77,7.69,8.14,10.07,16.19,3.31,5.08,25.69,8.1,22.2,16.04,10.57
  15  6,6.59,19.34,5.84,11.53,6.47,999.0,5.35,10.99,19.0,19.44,9.27,1.66,11.66,6.66,5.5,5.19,13.3,6.39,2.8,24.54,4.02,9.08,11.26,7.51,5.37,12.42,7.52,7.64,7.12,3.68,2.87,13.15,10.68,6.72,5.4,20.8,3.34,17.68,9.9,7.56
  16  7,1.32,18.5,1.31,15.64,11.55,5.35,999.0,16.01,18.12,18.77,13.86,4.95,13.73,11.75,6.23,6.6,17.78,11.62,8.14,19.19,7.69,11.76,15.68,7.94,9.2,17.31,5.13,5.47,11.56,7.47,3.62,18.19,9.67,12.07,10.5,19.74,3.99,17.33,7.52,6.53
  17  8,17.05,20.85,16.74,4.47,8.43,10.99,16.01,999.0,20.69,20.61,2.97,11.05,10.3,8.3,11.85,14.74,3.77,4.75,8.75,34.79,8.67,8.47,3.19,12.3,7.42,1.6,18.3,15.32,4.92,8.77,13.79,2.19,15.39,5.29,5.6,22.44,14.13,18.69,16.75,17.83
  18  9,17.63,0.41,19.38,16.56,23.85,19.0,18.12,20.69,999.0,0.96,17.89,17.35,10.4,23.94,13.51,23.63,18.77,20.12,20.33,25.97,15.98,12.52,17.75,11.5,15.75,20.64,23.24,12.65,16.98,16.25,20.24,22.0,8.55,21.59,19.09,1.84,20.89,2.11,10.71,24.57
  19  10,18.34,0.63,20.05,16.39,24.1,19.44,18.77,20.61,0.96,999.0,17.86,17.79,10.33,24.18,13.97,24.15,18.54,20.27,20.65,26.93,16.28,12.59,17.61,11.93,15.97,20.49,23.9,13.3,17.07,16.57,20.78,21.84,9.14,21.74,19.27,1.87,21.44,1.95,11.44,25.19
  20  11,14.79,18.07,14.74,2.79,8.63,9.27,13.86,2.97,17.89,17.86,999.0,8.95,7.54,8.57,9.13,13.7,4.03,4.09,7.58,32.26,6.22,5.53,2.05,9.4,4.81,3.68,16.78,12.57,2.31,6.4,12.14,4.88,12.43,5.35,4.23,19.66,12.57,15.92,13.88,16.6
  21  12,6.02,17.68,5.78,10.93,7.78,1.66,4.95,11.05,17.35,17.79,8.95,999.0,10.32,7.95,3.84,6.61,12.93,6.77,3.9,23.93,3.0,7.86,10.85,5.86,4.51,12.36,8.25,6.13,6.68,2.71,3.7,13.24,9.02,7.42,5.59,19.14,4.32,16.05,8.35,8.63
  22  13,14.05,10.56,14.99,6.24,14.63,11.66,13.73,10.3,10.4,10.33,7.54,10.32,999.0,14.66,7.51,16.85,8.64,10.35,11.8,29.04,7.71,2.75,7.39,6.03,6.73,10.28,18.29,9.65,7.03,8.05,13.99,11.65,7.06,11.85,9.56,12.14,14.63,8.39,9.66,18.91
  23  14,13.06,24.21,11.88,11.35,0.22,6.66,11.75,8.3,23.94,24.18,8.57,7.95,14.66,999.0,11.19,7.59,11.87,4.55,4.06,30.76,8.04,11.95,10.42,12.83,8.22,9.88,11.85,14.04,7.77,7.81,8.36,9.92,16.32,3.23,5.11,25.77,8.32,22.28,16.19,10.78
  24  15,6.62,13.85,7.48,10.2,11.05,5.5,6.23,11.85,13.51,13.97,9.13,3.84,7.51,11.19,999.0,10.26,12.61,8.65,7.21,23.2,3.5,5.67,10.57,2.06,4.44,12.81,10.91,3.47,6.94,3.59,6.99,13.95,5.23,9.78,7.37,15.3,7.66,12.25,5.19,11.76
  25  16,7.79,23.99,5.95,16.24,7.37,5.19,6.6,14.74,23.63,24.15,13.7,6.61,16.85,7.59,10.26,999.0,17.66,10.02,6.12,24.0,9.19,14.26,15.75,12.32,10.45,16.3,4.38,11.35,11.82,8.85,3.43,16.73,15.1,9.59,9.49,25.38,2.81,22.48,13.62,3.21
  26  17,18.65,18.87,18.71,2.56,11.98,13.3,17.78,3.77,18.77,18.54,4.03,12.93,8.64,11.87,12.61,17.66,999.0,7.77,11.54,35.81,10.09,7.78,2.09,12.43,8.6,2.54,20.81,15.92,6.25,10.31,16.17,3.64,14.96,8.71,8.18,20.4,16.61,16.68,16.89,20.61
  27  18,12.76,20.36,12.23,6.87,4.59,6.39,11.62,4.75,20.12,20.27,4.09,6.77,10.35,4.55,8.65,10.02,7.77,999.0,4.0,30.7,5.15,7.74,6.06,9.78,4.58,6.29,13.56,12.01,3.33,5.1,9.11,6.84,13.24,1.5,1.29,21.95,9.41,18.33,13.84,13.09
  28  19,9.39,20.63,8.53,10.18,3.9,2.8,8.14,8.75,20.33,20.65,7.58,3.9,11.8,4.06,7.21,6.12,11.54,4.0,999.0,27.32,4.38,9.07,9.64,8.98,5.07,10.27,9.57,9.98,5.82,4.08,5.21,10.83,12.41,4.01,3.36,22.16,5.45,18.8,12.14,9.12
  29  20,17.97,26.33,18.89,33.36,30.55,24.54,19.19,34.79,25.97,26.93,32.26,23.93,29.04,30.76,23.2,24.0,35.81,30.7,27.32,999.0,26.13,28.39,33.78,23.55,27.46,35.91,19.76,19.91,29.99,26.02,22.41,36.96,22.07,31.25,29.51,26.45,22.47,26.84,19.39,21.53
  30  21,8.57,16.27,8.67,7.98,7.93,4.02,7.69,8.67,15.98,16.28,6.22,3.0,7.71,8.04,3.5,9.19,10.09,5.15,4.38,26.13,999.0,5.07,7.99,4.83,1.52,9.81,11.24,6.88,3.92,0.35,6.64,10.83,8.33,6.31,3.87,17.81,7.22,14.42,8.69,11.52
  31  22,12.27,12.74,12.95,5.22,11.91,9.08,11.76,8.47,12.52,12.59,5.53,7.86,2.75,11.95,5.67,14.26,7.78,7.74,9.07,28.39,5.07,999.0,6.04,4.84,4.0,8.83,16.01,8.52,4.48,5.42,11.56,10.16,7.19,9.24,6.87,14.33,12.18,10.65,9.18,16.49
  32  23,16.55,17.89,16.62,1.28,10.49,11.26,15.68,3.19,17.75,17.61,2.05,10.85,7.39,10.42,10.57,15.75,2.09,6.06,9.64,33.78,7.99,6.04,999.0,10.51,6.5,2.9,18.79,13.93,4.17,8.21,14.13,4.27,13.22,7.19,6.28,19.46,14.59,15.71,15.0,18.65
  33  24,8.1,11.83,9.23,9.9,12.71,7.51,7.94,12.3,11.5,11.93,9.4,5.86,6.03,12.83,2.06,12.32,12.43,9.78,8.98,23.55,4.83,4.84,10.51,999.0,5.23,13.04,12.82,3.71,7.46,5.03,9.04,14.28,3.5,11.06,8.54,13.31,9.7,10.19,4.5,13.76
  34  25,10.05,16.01,10.19,6.46,8.15,5.37,9.2,7.42,15.75,15.97,4.81,4.51,6.73,8.22,4.44,10.45,8.6,4.58,5.07,27.46,1.52,4.0,6.5,5.23,999.0,8.46,12.72,7.91,2.54,1.8,8.09,9.55,8.66,5.95,3.4,17.58,8.64,14.06,9.49,12.92
  35  26,18.31,20.77,18.1,4.09,10.01,12.42,17.31,1.6,20.64,20.49,3.68,12.36,10.28,9.88,12.81,16.3,2.54,6.29,10.27,35.91,9.81,8.83,2.9,13.04,8.46,999.0,19.79,16.26,5.92,9.95,15.25,1.37,15.94,6.88,7.04,22.33,15.6,18.59,17.53,19.37
  36  27,5.72,23.63,3.87,19.04,11.63,7.52,5.13,18.3,23.24,23.9,16.78,8.25,18.29,11.85,10.91,4.38,20.81,13.56,9.57,19.76,11.24,16.01,18.79,12.82,12.72,19.79,999.0,10.6,14.64,10.93,4.66,20.4,14.79,13.44,12.77,24.85,4.21,22.45,12.6,1.94
  37  28,5.12,13.03,6.75,13.45,13.88,7.64,5.47,15.32,12.65,13.3,12.57,6.13,9.65,14.04,3.47,11.35,15.92,12.01,9.98,19.91,6.88,8.52,13.93,3.71,7.91,16.26,10.6,999.0,10.41,6.91,7.93,17.42,4.23,13.04,10.72,14.29,8.54,11.89,2.3,11.94
  38  29,12.48,17.21,12.46,4.43,7.77,7.12,11.56,4.92,16.98,17.07,2.31,6.68,7.03,7.77,6.94,11.82,6.25,3.33,5.82,29.99,3.92,4.48,4.17,7.46,2.54,5.92,14.64,10.41,999.0,4.1,9.98,7.02,10.71,4.82,2.75,18.8,10.46,15.13,11.86,14.59
  39  30,8.38,16.55,8.42,8.24,7.69,3.68,7.47,8.77,16.25,16.57,6.4,2.71,8.05,7.81,3.59,8.85,10.31,5.1,4.08,26.02,0.35,5.42,8.21,5.03,1.8,9.95,10.93,6.91,4.1,999.0,6.32,10.95,8.53,6.19,3.81,18.09,6.89,14.72,8.77,11.19
  40  31,4.93,20.6,3.52,14.38,8.14,2.87,3.62,13.79,20.24,20.78,12.14,3.7,13.99,8.36,6.99,3.43,16.17,9.11,5.21,22.41,6.64,11.56,14.13,9.04,8.09,15.25,4.66,7.93,9.98,6.32,999.0,15.93,11.7,9.22,8.21,21.97,0.67,19.14,10.21,4.93
  41  32,19.24,22.13,18.92,5.45,10.07,13.15,18.19,2.19,22.0,21.84,4.88,13.24,11.65,9.92,13.95,16.73,3.64,6.84,10.83,36.96,10.83,10.16,4.27,14.28,9.55,1.37,20.4,17.42,7.02,10.95,15.93,999.0,17.25,7.16,7.76,23.69,16.25,19.95,18.76,19.86
  42  33,9.35,8.92,10.96,12.4,16.19,10.68,9.67,15.39,8.55,9.14,12.43,9.02,7.06,16.32,5.23,15.1,14.96,13.24,12.41,22.07,8.33,7.19,13.22,3.5,8.66,15.94,14.79,4.23,10.71,8.53,11.7,17.25,999.0,14.55,12.02,10.27,12.35,7.66,2.95,16.04
  43  34,13.28,21.83,12.53,8.12,3.31,6.72,12.07,5.29,21.59,21.74,5.35,7.42,11.85,3.23,9.78,9.59,8.71,1.5,4.01,31.25,6.31,9.24,7.19,11.06,5.95,6.88,13.44,13.04,4.82,6.19,9.22,7.16,14.55,999.0,2.55,23.42,9.42,19.81,14.97,12.75
  44  35,11.61,19.34,11.17,6.88,5.08,5.4,10.5,5.6,19.09,19.27,4.23,5.59,9.56,5.11,7.37,9.49,8.18,1.29,3.36,29.51,3.87,6.87,6.28,8.54,3.4,7.04,12.77,10.72,2.75,3.81,8.21,7.76,12.02,2.55,999.0,20.92,8.57,17.34,12.56,12.45
  45  36,19.2,1.59,20.99,18.24,25.69,20.8,19.74,22.44,1.84,1.87,19.66,19.14,12.14,25.77,15.3,25.38,20.4,21.95,22.16,26.45,17.81,14.33,19.46,13.31,17.58,22.33,24.85,14.29,18.8,18.09,21.97,23.69,10.27,23.42,20.92,999.0,22.62,3.75,12.27,26.23
  46  37,5.27,21.26,3.68,14.87,8.1,3.34,3.99,14.13,20.89,21.44,12.57,4.32,14.63,8.32,7.66,2.81,16.61,9.41,5.45,22.47,7.22,12.18,14.59,9.7,8.64,15.6,4.21,8.54,10.46,6.89,0.67,16.25,12.35,9.42,8.57,22.62,999.0,19.81,10.81,4.31
  47  38,16.99,2.19,18.62,14.5,22.2,17.68,17.33,18.69,2.11,1.95,15.92,16.05,8.39,22.28,12.25,22.48,16.68,18.33,18.8,26.84,14.42,10.65,15.71,10.19,14.06,18.59,22.45,11.89,15.13,14.72,19.14,19.95,7.66,19.81,17.34,3.75,19.81,999.0,10.21,23.66
  48  39,6.93,11.11,8.73,14.35,16.04,9.9,7.52,16.75,10.71,11.44,13.88,8.35,9.66,16.19,5.19,13.62,16.89,13.84,12.14,19.39,8.69,9.18,15.0,4.5,9.49,17.53,12.6,2.3,11.86,8.77,10.21,18.76,2.95,14.97,12.56,12.27,10.81,10.21,999.0,14.05
  49  40,7.35,24.95,5.39,19.03,10.57,7.56,6.53,17.83,24.57,25.19,16.6,8.63,18.91,10.78,11.76,3.21,20.61,13.09,9.12,21.53,11.52,16.49,18.65,13.76,12.92,19.37,1.94,11.94,14.59,11.19,4.93,19.86,16.04,12.75,12.45,26.23,4.31,23.66,14.05,999.0
  51   
  52  variable z;
  53  positive Variable u(i);
  54  binary variable x(i,j);
  55   
  56  Equations
  57  Obj, r1, r2, r3;
  58   
  59  Obj.. z=E=sum((i,j),c(i,j)*x(i,j));
  60  r1(j).. sum(i,x(i,j))=E=1;
  61  r2(i).. sum(j,x(i,j))=E=1;
  62  r3(i,j)$(ord(i)>1 and ord(j)>1 and ord(i)<>ord(j)).. u(i)-u(j)+card(i)*x(i,j)=l=card(i)-1
  63   
  64  model transpor_1 /all/;
  65  solve transpor_1 using MIP minimizing z;
  66   
  67   
  68   
GAMS 46.5.0  a671108d May 8, 2024           WEX-WEI x86 64bit/MS Windows - 09/07/24 13:02:35 Page 2
G e n e r a l   A l g e b r a i c   M o d e l i n g   S y s t e m
Include File Summary


   SEQ   GLOBAL TYPE      PARENT   LOCAL  FILENAME

     1        1 INPUT          0       0  C:\Users\progra.DESKTOP-GV4Q93K\Documents\Vstudio\Geneticos\retointegrador\reto4.gms
     2        8 INCLUDE        1       8  .C:\Users\progra.DESKTOP-GV4Q93K\Documents\Vstudio\Geneticos\retointegrador\dist_matrix3.csv


COMPILATION TIME     =        0.313 SECONDS      3 MB  46.5.0 a671108d WEX-WEI
GAMS 46.5.0  a671108d May 8, 2024           WEX-WEI x86 64bit/MS Windows - 09/07/24 13:02:35 Page 3
G e n e r a l   A l g e b r a i c   M o d e l i n g   S y s t e m
Equation Listing    SOLVE transpor_1 Using MIP From line 65


---- Obj  =E=  

Obj..  z - 999*x(1,1) - 18.03*x(1,2) - 1.97*x(1,3) - 16.43*x(1,4) - 12.85*x(1,5) - 6.59*x(1,6) - 1.32*x(1,7) - 17.05*x(1,8) - 17.63*x(1,9) - 18.34*x(1,10) - 14.79*x(1,11) - 6.02*x(1,12) - 14.05*x(1,13) - 13.06*x(1,14) - 6.62*x(1,15) - 7.79*x(1,16) - 18.65*x(1,17) - 12.76*x(1,18) - 9.39*x(1,19) - 17.97*x(1,20) - 8.57*x(1,21) - 12.27*x(1,22) - 16.55*x(1,23) - 8.1*x(1,24) - 10.05*x(1,25) - 18.31*x(1,26) - 5.72*x(1,27) - 5.12*x(1,28) - 12.48*x(1,29) - 8.38*x(1,30) - 4.93*x(1,31) - 19.24*x(1,32) - 9.35*x(1,33) - 13.28*x(1,34) - 11.61*x(1,35) - 19.2*x(1,36) - 5.27*x(1,37) - 16.99*x(1,38) - 6.93*x(1,39) - 7.35*x(1,40) - 18.03*x(2,1) - 999*x(2,2) - 19.77*x(2,3) - 16.68*x(2,4) - 24.13*x(2,5) - 19.34*x(2,6) - 18.5*x(2,7) - 20.85*x(2,8) - 0.41*x(2,9) - 0.63*x(2,10) - 18.07*x(2,11) - 17.68*x(2,12) - 10.56*x(2,13) - 24.21*x(2,14) - 13.85*x(2,15) - 23.99*x(2,16) - 18.87*x(2,17) - 20.36*x(2,18) - 20.63*x(2,19) - 26.33*x(2,20) - 16.27*x(2,21) - 12.74*x(2,22) - 17.89*x(2,23) - 11.83*x(2,24) - 16.01*x(2,25) - 20.77*x(2,26) - 23.63*x(2,27) - 13.03*x(2,28) - 17.21*x(2,29) - 16.55*x(2,30) - 20.6*x(2,31) - 22.13*x(2,32) - 8.92*x(2,33) - 21.83*x(2,34) - 19.34*x(2,35) - 1.59*x(2,36) - 21.26*x(2,37) - 2.19*x(2,38) - 11.11*x(2,39) - 24.95*x(2,40) - 1.97*x(3,1) - 19.77*x(3,2) - 999*x(3,3) - 16.65*x(3,4) - 11.66*x(3,5) - 5.84*x(3,6) - 1.31*x(3,7) - 16.74*x(3,8) - 19.38*x(3,9) - 20.05*x(3,10) - 14.74*x(3,11) - 5.78*x(3,12) - 14.99*x(3,13) - 11.88*x(3,14) - 7.48*x(3,15) - 5.95*x(3,16) - 18.71*x(3,17) - 12.23*x(3,18) - 8.53*x(3,19) - 18.89*x(3,20) - 8.67*x(3,21) - 12.95*x(3,22) - 16.62*x(3,23) - 9.23*x(3,24) - 10.19*x(3,25) - 18.1*x(3,26) - 3.87*x(3,27) - 6.75*x(3,28) - 12.46*x(3,29) - 8.42*x(3,30) - 3.52*x(3,31) - 18.92*x(3,32) - 10.96*x(3,33) - 12.53*x(3,34) - 11.17*x(3,35) - 20.99*x(3,36) - 3.68*x(3,37) - 18.62*x(3,38) - 8.73*x(3,39) - 5.39*x(3,40) - 16.43*x(4,1) - 16.68*x(4,2) - 16.65*x(4,3) - 999*x(4,4) - 11.41*x(4,5) - 11.53*x(4,6) - 15.64*x(4,7) - 4.47*x(4,8) - 16.56*x(4,9) - 16.39*x(4,10) - 2.79*x(4,11) - 10.93*x(4,12) - 6.24*x(4,13) - 11.35*x(4,14) - 10.2*x(4,15) - 16.24*x(4,16) - 2.56*x(4,17) - 6.87*x(4,18) - 10.18*x(4,19) - 33.36*x(4,20) - 7.98*x(4,21) - 5.22*x(4,22) - 1.28*x(4,23) - 9.9*x(4,24) - 6.46*x(4,25) - 4.09*x(4,26) - 19.04*x(4,27) - 13.45*x(4,28) - 4.43*x(4,29) - 8.24*x(4,30) - 14.38*x(4,31) - 5.45*x(4,32) - 12.4*x(4,33) - 8.12*x(4,34) - 6.88*x(4,35) - 18.24*x(4,36) - 14.87*x(4,37) - 14.5*x(4,38) - 14.35*x(4,39) - 19.03*x(4,40) - 12.85*x(5,1) - 24.13*x(5,2) - 11.66*x(5,3) - 11.41*x(5,4) - 999*x(5,5) - 6.47*x(5,6) - 11.55*x(5,7) - 8.43*x(5,8) - 23.85*x(5,9) - 24.1*x(5,10) - 8.63*x(5,11) - 7.78*x(5,12) - 14.63*x(5,13) - 0.22*x(5,14) - 11.05*x(5,15) - 7.37*x(5,16) - 11.98*x(5,17) - 4.59*x(5,18) - 3.9*x(5,19) - 30.55*x(5,20) - 7.93*x(5,21) - 11.91*x(5,22) - 10.49*x(5,23) - 12.71*x(5,24) - 8.15*x(5,25) - 10.01*x(5,26) - 11.63*x(5,27) - 13.88*x(5,28) - 7.77*x(5,29) - 7.69*x(5,30) - 8.14*x(5,31) - 10.07*x(5,32) - 16.19*x(5,33) - 3.31*x(5,34) - 5.08*x(5,35) - 25.69*x(5,36) - 8.1*x(5,37) - 22.2*x(5,38) - 16.04*x(5,39) - 10.57*x(5,40) - 6.59*x(6,1) - 19.34*x(6,2) - 5.84*x(6,3) - 11.53*x(6,4) - 6.47*x(6,5) - 999*x(6,6) - 5.35*x(6,7) - 10.99*x(6,8) - 19*x(6,9) - 19.44*x(6,10) - 9.27*x(6,11) - 1.66*x(6,12) - 11.66*x(6,13) - 6.66*x(6,14) - 5.5*x(6,15) - 5.19*x(6,16) - 13.3*x(6,17) - 6.39*x(6,18) - 2.8*x(6,19) - 24.54*x(6,20) - 4.02*x(6,21) - 9.08*x(6,22) - 11.26*x(6,23) - 7.51*x(6,24) - 5.37*x(6,25) - 12.42*x(6,26) - 7.52*x(6,27) - 7.64*x(6,28) - 7.12*x(6,29) - 3.68*x(6,30) - 2.87*x(6,31) - 13.15*x(6,32) - 10.68*x(6,33) - 6.72*x(6,34) - 5.4*x(6,35) - 20.8*x(6,36) - 3.34*x(6,37) - 17.68*x(6,38) - 9.9*x(6,39) - 7.56*x(6,40) - 1.32*x(7,1) - 18.5*x(7,2) - 1.31*x(7,3) - 15.64*x(7,4) - 11.55*x(7,5) - 5.35*x(7,6) - 999*x(7,7) - 16.01*x(7,8) - 18.12*x(7,9) - 18.77*x(7,10) - 13.86*x(7,11) - 4.95*x(7,12) - 13.73*x(7,13) - 11.75*x(7,14) - 6.23*x(7,15) - 6.6*x(7,16) - 17.78*x(7,17) - 11.62*x(7,18) - 8.14*x(7,19) - 19.19*x(7,20) - 7.69*x(7,21) - 11.76*x(7,22) - 15.68*x(7,23) - 7.94*x(7,24) - 9.2*x(7,25) - 17.31*x(7,26) - 5.13*x(7,27) - 5.47*x(7,28) - 11.56*x(7,29) - 7.47*x(7,30) - 3.62*x(7,31) - 18.19*x(7,32) - 9.67*x(7,33) - 12.07*x(7,34) - 10.5*x(7,35) - 19.74*x(7,36) - 3.99*x(7,37) - 17.33*x(7,38) - 7.52*x(7,39) - 6.53*x(7,40) - 17.05*x(8,1) - 20.85*x(8,2) - 16.74*x(8,3) - 4.47*x(8,4) - 8.43*x(8,5) - 10.99*x(8,6) - 16.01*x(8,7) - 999*x(8,8) - 20.69*x(8,9) - 20.61*x(8,10) - 2.97*x(8,11) - 11.05*x(8,12) - 10.3*x(8,13) - 8.3*x(8,14) - 11.85*x(8,15) - 14.74*x(8,16) - 3.77*x(8,17) - 4.75*x(8,18) - 8.75*x(8,19) - 34.79*x(8,20) - 8.67*x(8,21) - 8.47*x(8,22) - 3.19*x(8,23) - 12.3*x(8,24) - 7.42*x(8,25) - 1.6*x(8,26) - 18.3*x(8,27) - 15.32*x(8,28) - 4.92*x(8,29) - 8.77*x(8,30) - 13.79*x(8,31) - 2.19*x(8,32) - 15.39*x(8,33) - 5.29*x(8,34) - 5.6*x(8,35) - 22.44*x(8,36) - 14.13*x(8,37) - 18.69*x(8,38) - 16.75*x(8,39) - 17.83*x(8,40) - 17.63*x(9,1) - 0.41*x(9,2) - 19.38*x(9,3) - 16.56*x(9,4) - 23.85*x(9,5) - 19*x(9,6) - 18.12*x(9,7) - 20.69*x(9,8) - 999*x(9,9) - 0.96*x(9,10) - 17.89*x(9,11) - 17.35*x(9,12) - 10.4*x(9,13) - 23.94*x(9,14) - 13.51*x(9,15) - 23.63*x(9,16) - 18.77*x(9,17) - 20.12*x(9,18) - 20.33*x(9,19) - 25.97*x(9,20) - 15.98*x(9,21) - 12.52*x(9,22) - 17.75*x(9,23) - 11.5*x(9,24) - 15.75*x(9,25) - 20.64*x(9,26) - 23.24*x(9,27) - 12.65*x(9,28) - 16.98*x(9,29) - 16.25*x(9,30) - 20.24*x(9,31) - 22*x(9,32) - 8.55*x(9,33) - 21.59*x(9,34) - 19.09*x(9,35) - 1.84*x(9,36) - 20.89*x(9,37) - 2.11*x(9,38) - 10.71*x(9,39) - 24.57*x(9,40) - 18.34*x(10,1) - 0.63*x(10,2) - 20.05*x(10,3) - 16.39*x(10,4) - 24.1*x(10,5) - 19.44*x(10,6) - 18.77*x(10,7) - 20.61*x(10,8) - 0.96*x(10,9) - 999*x(10,10) - 17.86*x(10,11) - 17.79*x(10,12) - 10.33*x(10,13) - 24.18*x(10,14) - 13.97*x(10,15) - 24.15*x(10,16) - 18.54*x(10,17) - 20.27*x(10,18) - 20.65*x(10,19) - 26.93*x(10,20) - 16.28*x(10,21) - 12.59*x(10,22) - 17.61*x(10,23) - 11.93*x(10,24) - 15.97*x(10,25) - 20.49*x(10,26) - 23.9*x(10,27) - 13.3*x(10,28) - 17.07*x(10,29) - 16.57*x(10,30) - 20.78*x(10,31) - 21.84*x(10,32) - 9.14*x(10,33) - 21.74*x(10,34) - 19.27*x(10,35) - 1.87*x(10,36) - 21.44*x(10,37) - 1.95*x(10,38) - 11.44*x(10,39) - 25.19*x(10,40) - 14.79*x(11,1) - 18.07*x(11,2) - 14.74*x(11,3) - 2.79*x(11,4) - 8.63*x(11,5) - 9.27*x(11,6) - 13.86*x(11,7) - 2.97*x(11,8) - 17.89*x(11,9) - 17.86*x(11,10) - 999*x(11,11) - 8.95*x(11,12) - 7.54*x(11,13) - 8.57*x(11,14) - 9.13*x(11,15) - 13.7*x(11,16) - 4.03*x(11,17) - 4.09*x(11,18) - 7.58*x(11,19) - 32.26*x(11,20) - 6.22*x(11,21) - 5.53*x(11,22) - 2.05*x(11,23) - 9.4*x(11,24) - 4.81*x(11,25) - 3.68*x(11,26) - 16.78*x(11,27) - 12.57*x(11,28) - 2.31*x(11,29) - 6.4*x(11,30) - 12.14*x(11,31) - 4.88*x(11,32) - 12.43*x(11,33) - 5.35*x(11,34) - 4.23*x(11,35) - 19.66*x(11,36) - 12.57*x(11,37) - 15.92*x(11,38) - 13.88*x(11,39) - 16.6*x(11,40) - 6.02*x(12,1) - 17.68*x(12,2) - 5.78*x(12,3) - 10.93*x(12,4) - 7.78*x(12,5) - 1.66*x(12,6) - 4.95*x(12,7) - 11.05*x(12,8) - 17.35*x(12,9) - 17.79*x(12,10) - 8.95*x(12,11) - 999*x(12,12) - 10.32*x(12,13) - 7.95*x(12,14) - 3.84*x(12,15) - 6.61*x(12,16) - 12.93*x(12,17) - 6.77*x(12,18) - 3.9*x(12,19) - 23.93*x(12,20) - 3*x(12,21) - 7.86*x(12,22) - 10.85*x(12,23) - 5.86*x(12,24) - 4.51*x(12,25) - 12.36*x(12,26) - 8.25*x(12,27) - 6.13*x(12,28) - 6.68*x(12,29) - 2.71*x(12,30) - 3.7*x(12,31) - 13.24*x(12,32) - 9.02*x(12,33) - 7.42*x(12,34) - 5.59*x(12,35) - 19.14*x(12,36) - 4.32*x(12,37) - 16.05*x(12,38) - 8.35*x(12,39) - 8.63*x(12,40) - 14.05*x(13,1) - 10.56*x(13,2) - 14.99*x(13,3) - 6.24*x(13,4) - 14.63*x(13,5) - 11.66*x(13,6) - 13.73*x(13,7) - 10.3*x(13,8) - 10.4*x(13,9) - 10.33*x(13,10) - 7.54*x(13,11) - 10.32*x(13,12) - 999*x(13,13) - 14.66*x(13,14) - 7.51*x(13,15) - 16.85*x(13,16) - 8.64*x(13,17) - 10.35*x(13,18) - 11.8*x(13,19) - 29.04*x(13,20) - 7.71*x(13,21) - 2.75*x(13,22) - 7.39*x(13,23) - 6.03*x(13,24) - 6.73*x(13,25) - 10.28*x(13,26) - 18.29*x(13,27) - 9.65*x(13,28) - 7.03*x(13,29) - 8.05*x(13,30) - 13.99*x(13,31) - 11.65*x(13,32) - 7.06*x(13,33) - 11.85*x(13,34) - 9.56*x(13,35) - 12.14*x(13,36) - 14.63*x(13,37) - 8.39*x(13,38) - 9.66*x(13,39) - 18.91*x(13,40) - 13.06*x(14,1) - 24.21*x(14,2) - 11.88*x(14,3) - 11.35*x(14,4) - 0.22*x(14,5) - 6.66*x(14,6) - 11.75*x(14,7) - 8.3*x(14,8) - 23.94*x(14,9) - 24.18*x(14,10) - 8.57*x(14,11) - 7.95*x(14,12) - 14.66*x(14,13) - 999*x(14,14) - 11.19*x(14,15) - 7.59*x(14,16) - 11.87*x(14,17) - 4.55*x(14,18) - 4.06*x(14,19) - 30.76*x(14,20) - 8.04*x(14,21) - 11.95*x(14,22) - 10.42*x(14,23) - 12.83*x(14,24) - 8.22*x(14,25) - 9.88*x(14,26) - 11.85*x(14,27) - 14.04*x(14,28) - 7.77*x(14,29) - 7.81*x(14,30) - 8.36*x(14,31) - 9.92*x(14,32) - 16.32*x(14,33) - 3.23*x(14,34) - 5.11*x(14,35) - 25.77*x(14,36) - 8.32*x(14,37) - 22.28*x(14,38) - 16.19*x(14,39) - 10.78*x(14,40) - 6.62*x(15,1) - 13.85*x(15,2) - 7.48*x(15,3) - 10.2*x(15,4) - 11.05*x(15,5) - 5.5*x(15,6) - 6.23*x(15,7) - 11.85*x(15,8) - 13.51*x(15,9) - 13.97*x(15,10) - 9.13*x(15,11) - 3.84*x(15,12) - 7.51*x(15,13) - 11.19*x(15,14) - 999*x(15,15) - 10.26*x(15,16) - 12.61*x(15,17) - 8.65*x(15,18) - 7.21*x(15,19) - 23.2*x(15,20) - 3.5*x(15,21) - 5.67*x(15,22) - 10.57*x(15,23) - 2.06*x(15,24) - 4.44*x(15,25) - 12.81*x(15,26) - 10.91*x(15,27) - 3.47*x(15,28) - 6.94*x(15,29) - 3.59*x(15,30) - 6.99*x(15,31) - 13.95*x(15,32) - 5.23*x(15,33) - 9.78*x(15,34) - 7.37*x(15,35) - 15.3*x(15,36) - 7.66*x(15,37) - 12.25*x(15,38) - 5.19*x(15,39) - 11.76*x(15,40) - 7.79*x(16,1) - 23.99*x(16,2) - 5.95*x(16,3) - 16.24*x(16,4) - 7.37*x(16,5) - 5.19*x(16,6) - 6.6*x(16,7) - 14.74*x(16,8) - 23.63*x(16,9) - 24.15*x(16,10) - 13.7*x(16,11) - 6.61*x(16,12) - 16.85*x(16,13) - 7.59*x(16,14) - 10.26*x(16,15) - 999*x(16,16) - 17.66*x(16,17) - 10.02*x(16,18) - 6.12*x(16,19) - 24*x(16,20) - 9.19*x(16,21) - 14.26*x(16,22) - 15.75*x(16,23) - 12.32*x(16,24) - 10.45*x(16,25) - 16.3*x(16,26) - 4.38*x(16,27) - 11.35*x(16,28) - 11.82*x(16,29) - 8.85*x(16,30) - 3.43*x(16,31) - 16.73*x(16,32) - 15.1*x(16,33) - 9.59*x(16,34) - 9.49*x(16,35) - 25.38*x(16,36) - 2.81*x(16,37) - 22.48*x(16,38) - 13.62*x(16,39) - 3.21*x(16,40) - 18.65*x(17,1) - 18.87*x(17,2) - 18.71*x(17,3) - 2.56*x(17,4) - 11.98*x(17,5) - 13.3*x(17,6) - 17.78*x(17,7) - 3.77*x(17,8) - 18.77*x(17,9) - 18.54*x(17,10) - 4.03*x(17,11) - 12.93*x(17,12) - 8.64*x(17,13) - 11.87*x(17,14) - 12.61*x(17,15) - 17.66*x(17,16) - 999*x(17,17) - 7.77*x(17,18) - 11.54*x(17,19) - 35.81*x(17,20) - 10.09*x(17,21) - 7.78*x(17,22) - 2.09*x(17,23) - 12.43*x(17,24) - 8.6*x(17,25) - 2.54*x(17,26) - 20.81*x(17,27) - 15.92*x(17,28) - 6.25*x(17,29) - 10.31*x(17,30) - 16.17*x(17,31) - 3.64*x(17,32) - 14.96*x(17,33) - 8.71*x(17,34) - 8.18*x(17,35) - 20.4*x(17,36) - 16.61*x(17,37) - 16.68*x(17,38) - 16.89*x(17,39) - 20.61*x(17,40) - 12.76*x(18,1) - 20.36*x(18,2) - 12.23*x(18,3) - 6.87*x(18,4) - 4.59*x(18,5) - 6.39*x(18,6) - 11.62*x(18,7) - 4.75*x(18,8) - 20.12*x(18,9) - 20.27*x(18,10) - 4.09*x(18,11) - 6.77*x(18,12) - 10.35*x(18,13) - 4.55*x(18,14) - 8.65*x(18,15) - 10.02*x(18,16) - 7.77*x(18,17) - 999*x(18,18) - 4*x(18,19) - 30.7*x(18,20) - 5.15*x(18,21) - 7.74*x(18,22) - 6.06*x(18,23) - 9.78*x(18,24) - 4.58*x(18,25) - 6.29*x(18,26) - 13.56*x(18,27) - 12.01*x(18,28) - 3.33*x(18,29) - 5.1*x(18,30) - 9.11*x(18,31) - 6.84*x(18,32) - 13.24*x(18,33) - 1.5*x(18,34) - 1.29*x(18,35) - 21.95*x(18,36) - 9.41*x(18,37) - 18.33*x(18,38) - 13.84*x(18,39) - 13.09*x(18,40) - 9.39*x(19,1) - 20.63*x(19,2) - 8.53*x(19,3) - 10.18*x(19,4) - 3.9*x(19,5) - 2.8*x(19,6) - 8.14*x(19,7) - 8.75*x(19,8) - 20.33*x(19,9) - 20.65*x(19,10) - 7.58*x(19,11) - 3.9*x(19,12) - 11.8*x(19,13) - 4.06*x(19,14) - 7.21*x(19,15) - 6.12*x(19,16) - 11.54*x(19,17) - 4*x(19,18) - 999*x(19,19) - 27.32*x(19,20) - 4.38*x(19,21) - 9.07*x(19,22) - 9.64*x(19,23) - 8.98*x(19,24) - 5.07*x(19,25) - 10.27*x(19,26) - 9.57*x(19,27) - 9.98*x(19,28) - 5.82*x(19,29) - 4.08*x(19,30) - 5.21*x(19,31) - 10.83*x(19,32) - 12.41*x(19,33) - 4.01*x(19,34) - 3.36*x(19,35) - 22.16*x(19,36) - 5.45*x(19,37) - 18.8*x(19,38) - 12.14*x(19,39) - 9.12*x(19,40) - 17.97*x(20,1) - 26.33*x(20,2) - 18.89*x(20,3) - 33.36*x(20,4) - 30.55*x(20,5) - 24.54*x(20,6) - 19.19*x(20,7) - 34.79*x(20,8) - 25.97*x(20,9) - 26.93*x(20,10) - 32.26*x(20,11) - 23.93*x(20,12) - 29.04*x(20,13) - 30.76*x(20,14) - 23.2*x(20,15) - 24*x(20,16) - 35.81*x(20,17) - 30.7*x(20,18) - 27.32*x(20,19) - 999*x(20,20) - 26.13*x(20,21) - 28.39*x(20,22) - 33.78*x(20,23) - 23.55*x(20,24) - 27.46*x(20,25) - 35.91*x(20,26) - 19.76*x(20,27) - 19.91*x(20,28) - 29.99*x(20,29) - 26.02*x(20,30) - 22.41*x(20,31) - 36.96*x(20,32) - 22.07*x(20,33) - 31.25*x(20,34) - 29.51*x(20,35) - 26.45*x(20,36) - 22.47*x(20,37) - 26.84*x(20,38) - 19.39*x(20,39) - 21.53*x(20,40) - 8.57*x(21,1) - 16.27*x(21,2) - 8.67*x(21,3) - 7.98*x(21,4) - 7.93*x(21,5) - 4.02*x(21,6) - 7.69*x(21,7) - 8.67*x(21,8) - 15.98*x(21,9) - 16.28*x(21,10) - 6.22*x(21,11) - 3*x(21,12) - 7.71*x(21,13) - 8.04*x(21,14) - 3.5*x(21,15) - 9.19*x(21,16) - 10.09*x(21,17) - 5.15*x(21,18) - 4.38*x(21,19) - 26.13*x(21,20) - 999*x(21,21) - 5.07*x(21,22) - 7.99*x(21,23) - 4.83*x(21,24) - 1.52*x(21,25) - 9.81*x(21,26) - 11.24*x(21,27) - 6.88*x(21,28) - 3.92*x(21,29) - 0.35*x(21,30) - 6.64*x(21,31) - 10.83*x(21,32) - 8.33*x(21,33) - 6.31*x(21,34) - 3.87*x(21,35) - 17.81*x(21,36) - 7.22*x(21,37) - 14.42*x(21,38) - 8.69*x(21,39) - 11.52*x(21,40) - 12.27*x(22,1) - 12.74*x(22,2) - 12.95*x(22,3) - 5.22*x(22,4) - 11.91*x(22,5) - 9.08*x(22,6) - 11.76*x(22,7) - 8.47*x(22,8) - 12.52*x(22,9) - 12.59*x(22,10) - 5.53*x(22,11) - 7.86*x(22,12) - 2.75*x(22,13) - 11.95*x(22,14) - 5.67*x(22,15) - 14.26*x(22,16) - 7.78*x(22,17) - 7.74*x(22,18) - 9.07*x(22,19) - 28.39*x(22,20) - 5.07*x(22,21) - 999*x(22,22) - 6.04*x(22,23) - 4.84*x(22,24) - 4*x(22,25) - 8.83*x(22,26) - 16.01*x(22,27) - 8.52*x(22,28) - 4.48*x(22,29) - 5.42*x(22,30) - 11.56*x(22,31) - 10.16*x(22,32) - 7.19*x(22,33) - 9.24*x(22,34) - 6.87*x(22,35) - 14.33*x(22,36) - 12.18*x(22,37) - 10.65*x(22,38) - 9.18*x(22,39) - 16.49*x(22,40) - 16.55*x(23,1) - 17.89*x(23,2) - 16.62*x(23,3) - 1.28*x(23,4) - 10.49*x(23,5) - 11.26*x(23,6) - 15.68*x(23,7) - 3.19*x(23,8) - 17.75*x(23,9) - 17.61*x(23,10) - 2.05*x(23,11) - 10.85*x(23,12) - 7.39*x(23,13) - 10.42*x(23,14) - 10.57*x(23,15) - 15.75*x(23,16) - 2.09*x(23,17) - 6.06*x(23,18) - 9.64*x(23,19) - 33.78*x(23,20) - 7.99*x(23,21) - 6.04*x(23,22) - 999*x(23,23) - 10.51*x(23,24) - 6.5*x(23,25) - 2.9*x(23,26) - 18.79*x(23,27) - 13.93*x(23,28) - 4.17*x(23,29) - 8.21*x(23,30) - 14.13*x(23,31) - 4.27*x(23,32) - 13.22*x(23,33) - 7.19*x(23,34) - 6.28*x(23,35) - 19.46*x(23,36) - 14.59*x(23,37) - 15.71*x(23,38) - 15*x(23,39) - 18.65*x(23,40) - 8.1*x(24,1) - 11.83*x(24,2) - 9.23*x(24,3) - 9.9*x(24,4) - 12.71*x(24,5) - 7.51*x(24,6) - 7.94*x(24,7) - 12.3*x(24,8) - 11.5*x(24,9) - 11.93*x(24,10) - 9.4*x(24,11) - 5.86*x(24,12) - 6.03*x(24,13) - 12.83*x(24,14) - 2.06*x(24,15) - 12.32*x(24,16) - 12.43*x(24,17) - 9.78*x(24,18) - 8.98*x(24,19) - 23.55*x(24,20) - 4.83*x(24,21) - 4.84*x(24,22) - 10.51*x(24,23) - 999*x(24,24) - 5.23*x(24,25) - 13.04*x(24,26) - 12.82*x(24,27) - 3.71*x(24,28) - 7.46*x(24,29) - 5.03*x(24,30) - 9.04*x(24,31) - 14.28*x(24,32) - 3.5*x(24,33) - 11.06*x(24,34) - 8.54*x(24,35) - 13.31*x(24,36) - 9.7*x(24,37) - 10.19*x(24,38) - 4.5*x(24,39) - 13.76*x(24,40) - 10.05*x(25,1) - 16.01*x(25,2) - 10.19*x(25,3) - 6.46*x(25,4) - 8.15*x(25,5) - 5.37*x(25,6) - 9.2*x(25,7) - 7.42*x(25,8) - 15.75*x(25,9) - 15.97*x(25,10) - 4.81*x(25,11) - 4.51*x(25,12) - 6.73*x(25,13) - 8.22*x(25,14) - 4.44*x(25,15) - 10.45*x(25,16) - 8.6*x(25,17) - 4.58*x(25,18) - 5.07*x(25,19) - 27.46*x(25,20) - 1.52*x(25,21) - 4*x(25,22) - 6.5*x(25,23) - 5.23*x(25,24) - 999*x(25,25) - 8.46*x(25,26) - 12.72*x(25,27) - 7.91*x(25,28) - 2.54*x(25,29) - 1.8*x(25,30) - 8.09*x(25,31) - 9.55*x(25,32) - 8.66*x(25,33) - 5.95*x(25,34) - 3.4*x(25,35) - 17.58*x(25,36) - 8.64*x(25,37) - 14.06*x(25,38) - 9.49*x(25,39) - 12.92*x(25,40) - 18.31*x(26,1) - 20.77*x(26,2) - 18.1*x(26,3) - 4.09*x(26,4) - 10.01*x(26,5) - 12.42*x(26,6) - 17.31*x(26,7) - 1.6*x(26,8) - 20.64*x(26,9) - 20.49*x(26,10) - 3.68*x(26,11) - 12.36*x(26,12) - 10.28*x(26,13) - 9.88*x(26,14) - 12.81*x(26,15) - 16.3*x(26,16) - 2.54*x(26,17) - 6.29*x(26,18) - 10.27*x(26,19) - 35.91*x(26,20) - 9.81*x(26,21) - 8.83*x(26,22) - 2.9*x(26,23) - 13.04*x(26,24) - 8.46*x(26,25) - 999*x(26,26) - 19.79*x(26,27) - 16.26*x(26,28) - 5.92*x(26,29) - 9.95*x(26,30) - 15.25*x(26,31) - 1.37*x(26,32) - 15.94*x(26,33) - 6.88*x(26,34) - 7.04*x(26,35) - 22.33*x(26,36) - 15.6*x(26,37) - 18.59*x(26,38) - 17.53*x(26,39) - 19.37*x(26,40) - 5.72*x(27,1) - 23.63*x(27,2) - 3.87*x(27,3) - 19.04*x(27,4) - 11.63*x(27,5) - 7.52*x(27,6) - 5.13*x(27,7) - 18.3*x(27,8) - 23.24*x(27,9) - 23.9*x(27,10) - 16.78*x(27,11) - 8.25*x(27,12) - 18.29*x(27,13) - 11.85*x(27,14) - 10.91*x(27,15) - 4.38*x(27,16) - 20.81*x(27,17) - 13.56*x(27,18) - 9.57*x(27,19) - 19.76*x(27,20) - 11.24*x(27,21) - 16.01*x(27,22) - 18.79*x(27,23) - 12.82*x(27,24) - 12.72*x(27,25) - 19.79*x(27,26) - 999*x(27,27) - 10.6*x(27,28) - 14.64*x(27,29) - 10.93*x(27,30) - 4.66*x(27,31) - 20.4*x(27,32) - 14.79*x(27,33) - 13.44*x(27,34) - 12.77*x(27,35) - 24.85*x(27,36) - 4.21*x(27,37) - 22.45*x(27,38) - 12.6*x(27,39) - 1.94*x(27,40) - 5.12*x(28,1) - 13.03*x(28,2) - 6.75*x(28,3) - 13.45*x(28,4) - 13.88*x(28,5) - 7.64*x(28,6) - 5.47*x(28,7) - 15.32*x(28,8) - 12.65*x(28,9) - 13.3*x(28,10) - 12.57*x(28,11) - 6.13*x(28,12) - 9.65*x(28,13) - 14.04*x(28,14) - 3.47*x(28,15) - 11.35*x(28,16) - 15.92*x(28,17) - 12.01*x(28,18) - 9.98*x(28,19) - 19.91*x(28,20) - 6.88*x(28,21) - 8.52*x(28,22) - 13.93*x(28,23) - 3.71*x(28,24) - 7.91*x(28,25) - 16.26*x(28,26) - 10.6*x(28,27) - 999*x(28,28) - 10.41*x(28,29) - 6.91*x(28,30) - 7.93*x(28,31) - 17.42*x(28,32) - 4.23*x(28,33) - 13.04*x(28,34) - 10.72*x(28,35) - 14.29*x(28,36) - 8.54*x(28,37) - 11.89*x(28,38) - 2.3*x(28,39) - 11.94*x(28,40) - 12.48*x(29,1) - 17.21*x(29,2) - 12.46*x(29,3) - 4.43*x(29,4) - 7.77*x(29,5) - 7.12*x(29,6) - 11.56*x(29,7) - 4.92*x(29,8) - 16.98*x(29,9) - 17.07*x(29,10) - 2.31*x(29,11) - 6.68*x(29,12) - 7.03*x(29,13) - 7.77*x(29,14) - 6.94*x(29,15) - 11.82*x(29,16) - 6.25*x(29,17) - 3.33*x(29,18) - 5.82*x(29,19) - 29.99*x(29,20) - 3.92*x(29,21) - 4.48*x(29,22) - 4.17*x(29,23) - 7.46*x(29,24) - 2.54*x(29,25) - 5.92*x(29,26) - 14.64*x(29,27) - 10.41*x(29,28) - 999*x(29,29) - 4.1*x(29,30) - 9.98*x(29,31) - 7.02*x(29,32) - 10.71*x(29,33) - 4.82*x(29,34) - 2.75*x(29,35) - 18.8*x(29,36) - 10.46*x(29,37) - 15.13*x(29,38) - 11.86*x(29,39) - 14.59*x(29,40) - 8.38*x(30,1) - 16.55*x(30,2) - 8.42*x(30,3) - 8.24*x(30,4) - 7.69*x(30,5) - 3.68*x(30,6) - 7.47*x(30,7) - 8.77*x(30,8) - 16.25*x(30,9) - 16.57*x(30,10) - 6.4*x(30,11) - 2.71*x(30,12) - 8.05*x(30,13) - 7.81*x(30,14) - 3.59*x(30,15) - 8.85*x(30,16) - 10.31*x(30,17) - 5.1*x(30,18) - 4.08*x(30,19) - 26.02*x(30,20) - 0.35*x(30,21) - 5.42*x(30,22) - 8.21*x(30,23) - 5.03*x(30,24) - 1.8*x(30,25) - 9.95*x(30,26) - 10.93*x(30,27) - 6.91*x(30,28) - 4.1*x(30,29) - 999*x(30,30) - 6.32*x(30,31) - 10.95*x(30,32) - 8.53*x(30,33) - 6.19*x(30,34) - 3.81*x(30,35) - 18.09*x(30,36) - 6.89*x(30,37) - 14.72*x(30,38) - 8.77*x(30,39) - 11.19*x(30,40) - 4.93*x(31,1) - 20.6*x(31,2) - 3.52*x(31,3) - 14.38*x(31,4) - 8.14*x(31,5) - 2.87*x(31,6) - 3.62*x(31,7) - 13.79*x(31,8) - 20.24*x(31,9) - 20.78*x(31,10) - 12.14*x(31,11) - 3.7*x(31,12) - 13.99*x(31,13) - 8.36*x(31,14) - 6.99*x(31,15) - 3.43*x(31,16) - 16.17*x(31,17) - 9.11*x(31,18) - 5.21*x(31,19) - 22.41*x(31,20) - 6.64*x(31,21) - 11.56*x(31,22) - 14.13*x(31,23) - 9.04*x(31,24) - 8.09*x(31,25) - 15.25*x(31,26) - 4.66*x(31,27) - 7.93*x(31,28) - 9.98*x(31,29) - 6.32*x(31,30) - 999*x(31,31) - 15.93*x(31,32) - 11.7*x(31,33) - 9.22*x(31,34) - 8.21*x(31,35) - 21.97*x(31,36) - 0.67*x(31,37) - 19.14*x(31,38) - 10.21*x(31,39) - 4.93*x(31,40) - 19.24*x(32,1) - 22.13*x(32,2) - 18.92*x(32,3) - 5.45*x(32,4) - 10.07*x(32,5) - 13.15*x(32,6) - 18.19*x(32,7) - 2.19*x(32,8) - 22*x(32,9) - 21.84*x(32,10) - 4.88*x(32,11) - 13.24*x(32,12) - 11.65*x(32,13) - 9.92*x(32,14) - 13.95*x(32,15) - 16.73*x(32,16) - 3.64*x(32,17) - 6.84*x(32,18) - 10.83*x(32,19) - 36.96*x(32,20) - 10.83*x(32,21) - 10.16*x(32,22) - 4.27*x(32,23) - 14.28*x(32,24) - 9.55*x(32,25) - 1.37*x(32,26) - 20.4*x(32,27) - 17.42*x(32,28) - 7.02*x(32,29) - 10.95*x(32,30) - 15.93*x(32,31) - 999*x(32,32) - 17.25*x(32,33) - 7.16*x(32,34) - 7.76*x(32,35) - 23.69*x(32,36) - 16.25*x(32,37) - 19.95*x(32,38) - 18.76*x(32,39) - 19.86*x(32,40) - 9.35*x(33,1) - 8.92*x(33,2) - 10.96*x(33,3) - 12.4*x(33,4) - 16.19*x(33,5) - 10.68*x(33,6) - 9.67*x(33,7) - 15.39*x(33,8) - 8.55*x(33,9) - 9.14*x(33,10) - 12.43*x(33,11) - 9.02*x(33,12) - 7.06*x(33,13) - 16.32*x(33,14) - 5.23*x(33,15) - 15.1*x(33,16) - 14.96*x(33,17) - 13.24*x(33,18) - 12.41*x(33,19) - 22.07*x(33,20) - 8.33*x(33,21) - 7.19*x(33,22) - 13.22*x(33,23) - 3.5*x(33,24) - 8.66*x(33,25) - 15.94*x(33,26) - 14.79*x(33,27) - 4.23*x(33,28) - 10.71*x(33,29) - 8.53*x(33,30) - 11.7*x(33,31) - 17.25*x(33,32) - 999*x(33,33) - 14.55*x(33,34) - 12.02*x(33,35) - 10.27*x(33,36) - 12.35*x(33,37) - 7.66*x(33,38) - 2.95*x(33,39) - 16.04*x(33,40) - 13.28*x(34,1) - 21.83*x(34,2) - 12.53*x(34,3) - 8.12*x(34,4) - 3.31*x(34,5) - 6.72*x(34,6) - 12.07*x(34,7) - 5.29*x(34,8) - 21.59*x(34,9) - 21.74*x(34,10) - 5.35*x(34,11) - 7.42*x(34,12) - 11.85*x(34,13) - 3.23*x(34,14) - 9.78*x(34,15) - 9.59*x(34,16) - 8.71*x(34,17) - 1.5*x(34,18) - 4.01*x(34,19) - 31.25*x(34,20) - 6.31*x(34,21) - 9.24*x(34,22) - 7.19*x(34,23) - 11.06*x(34,24) - 5.95*x(34,25) - 6.88*x(34,26) - 13.44*x(34,27) - 13.04*x(34,28) - 4.82*x(34,29) - 6.19*x(34,30) - 9.22*x(34,31) - 7.16*x(34,32) - 14.55*x(34,33) - 999*x(34,34) - 2.55*x(34,35) - 23.42*x(34,36) - 9.42*x(34,37) - 19.81*x(34,38) - 14.97*x(34,39) - 12.75*x(34,40) - 11.61*x(35,1) - 19.34*x(35,2) - 11.17*x(35,3) - 6.88*x(35,4) - 5.08*x(35,5) - 5.4*x(35,6) - 10.5*x(35,7) - 5.6*x(35,8) - 19.09*x(35,9) - 19.27*x(35,10) - 4.23*x(35,11) - 5.59*x(35,12) - 9.56*x(35,13) - 5.11*x(35,14) - 7.37*x(35,15) - 9.49*x(35,16) - 8.18*x(35,17) - 1.29*x(35,18) - 3.36*x(35,19) - 29.51*x(35,20) - 3.87*x(35,21) - 6.87*x(35,22) - 6.28*x(35,23) - 8.54*x(35,24) - 3.4*x(35,25) - 7.04*x(35,26) - 12.77*x(35,27) - 10.72*x(35,28) - 2.75*x(35,29) - 3.81*x(35,30) - 8.21*x(35,31) - 7.76*x(35,32) - 12.02*x(35,33) - 2.55*x(35,34) - 999*x(35,35) - 20.92*x(35,36) - 8.57*x(35,37) - 17.34*x(35,38) - 12.56*x(35,39) - 12.45*x(35,40) - 19.2*x(36,1) - 1.59*x(36,2) - 20.99*x(36,3) - 18.24*x(36,4) - 25.69*x(36,5) - 20.8*x(36,6) - 19.74*x(36,7) - 22.44*x(36,8) - 1.84*x(36,9) - 1.87*x(36,10) - 19.66*x(36,11) - 19.14*x(36,12) - 12.14*x(36,13) - 25.77*x(36,14) - 15.3*x(36,15) - 25.38*x(36,16) - 20.4*x(36,17) - 21.95*x(36,18) - 22.16*x(36,19) - 26.45*x(36,20) - 17.81*x(36,21) - 14.33*x(36,22) - 19.46*x(36,23) - 13.31*x(36,24) - 17.58*x(36,25) - 22.33*x(36,26) - 24.85*x(36,27) - 14.29*x(36,28) - 18.8*x(36,29) - 18.09*x(36,30) - 21.97*x(36,31) - 23.69*x(36,32) - 10.27*x(36,33) - 23.42*x(36,34) - 20.92*x(36,35) - 999*x(36,36) - 22.62*x(36,37) - 3.75*x(36,38) - 12.27*x(36,39) - 26.23*x(36,40) - 5.27*x(37,1) - 21.26*x(37,2) - 3.68*x(37,3) - 14.87*x(37,4) - 8.1*x(37,5) - 3.34*x(37,6) - 3.99*x(37,7) - 14.13*x(37,8) - 20.89*x(37,9) - 21.44*x(37,10) - 12.57*x(37,11) - 4.32*x(37,12) - 14.63*x(37,13) - 8.32*x(37,14) - 7.66*x(37,15) - 2.81*x(37,16) - 16.61*x(37,17) - 9.41*x(37,18) - 5.45*x(37,19) - 22.47*x(37,20) - 7.22*x(37,21) - 12.18*x(37,22) - 14.59*x(37,23) - 9.7*x(37,24) - 8.64*x(37,25) - 15.6*x(37,26) - 4.21*x(37,27) - 8.54*x(37,28) - 10.46*x(37,29) - 6.89*x(37,30) - 0.67*x(37,31) - 16.25*x(37,32) - 12.35*x(37,33) - 9.42*x(37,34) - 8.57*x(37,35) - 22.62*x(37,36) - 999*x(37,37) - 19.81*x(37,38) - 10.81*x(37,39) - 4.31*x(37,40) - 16.99*x(38,1) - 2.19*x(38,2) - 18.62*x(38,3) - 14.5*x(38,4) - 22.2*x(38,5) - 17.68*x(38,6) - 17.33*x(38,7) - 18.69*x(38,8) - 2.11*x(38,9) - 1.95*x(38,10) - 15.92*x(38,11) - 16.05*x(38,12) - 8.39*x(38,13) - 22.28*x(38,14) - 12.25*x(38,15) - 22.48*x(38,16) - 16.68*x(38,17) - 18.33*x(38,18) - 18.8*x(38,19) - 26.84*x(38,20) - 14.42*x(38,21) - 10.65*x(38,22) - 15.71*x(38,23) - 10.19*x(38,24) - 14.06*x(38,25) - 18.59*x(38,26) - 22.45*x(38,27) - 11.89*x(38,28) - 15.13*x(38,29) - 14.72*x(38,30) - 19.14*x(38,31) - 19.95*x(38,32) - 7.66*x(38,33) - 19.81*x(38,34) - 17.34*x(38,35) - 3.75*x(38,36) - 19.81*x(38,37) - 999*x(38,38) - 10.21*x(38,39) - 23.66*x(38,40) - 6.93*x(39,1) - 11.11*x(39,2) - 8.73*x(39,3) - 14.35*x(39,4) - 16.04*x(39,5) - 9.9*x(39,6) - 7.52*x(39,7) - 16.75*x(39,8) - 10.71*x(39,9) - 11.44*x(39,10) - 13.88*x(39,11) - 8.35*x(39,12) - 9.66*x(39,13) - 16.19*x(39,14) - 5.19*x(39,15) - 13.62*x(39,16) - 16.89*x(39,17) - 13.84*x(39,18) - 12.14*x(39,19) - 19.39*x(39,20) - 8.69*x(39,21) - 9.18*x(39,22) - 15*x(39,23) - 4.5*x(39,24) - 9.49*x(39,25) - 17.53*x(39,26) - 12.6*x(39,27) - 2.3*x(39,28) - 11.86*x(39,29) - 8.77*x(39,30) - 10.21*x(39,31) - 18.76*x(39,32) - 2.95*x(39,33) - 14.97*x(39,34) - 12.56*x(39,35) - 12.27*x(39,36) - 10.81*x(39,37) - 10.21*x(39,38) - 999*x(39,39) - 14.05*x(39,40) - 7.35*x(40,1) - 24.95*x(40,2) - 5.39*x(40,3) - 19.03*x(40,4) - 10.57*x(40,5) - 7.56*x(40,6) - 6.53*x(40,7) - 17.83*x(40,8) - 24.57*x(40,9) - 25.19*x(40,10) - 16.6*x(40,11) - 8.63*x(40,12) - 18.91*x(40,13) - 10.78*x(40,14) - 11.76*x(40,15) - 3.21*x(40,16) - 20.61*x(40,17) - 13.09*x(40,18) - 9.12*x(40,19) - 21.53*x(40,20) - 11.52*x(40,21) - 16.49*x(40,22) - 18.65*x(40,23) - 13.76*x(40,24) - 12.92*x(40,25) - 19.37*x(40,26) - 1.94*x(40,27) - 11.94*x(40,28) - 14.59*x(40,29) - 11.19*x(40,30) - 4.93*x(40,31) - 19.86*x(40,32) - 16.04*x(40,33) - 12.75*x(40,34) - 12.45*x(40,35) - 26.23*x(40,36) - 4.31*x(40,37) - 23.66*x(40,38) - 14.05*x(40,39) - 999*x(40,40) =E= 0 ; (LHS = 0)
     

---- r1  =E=  

r1(1)..  x(1,1) + x(2,1) + x(3,1) + x(4,1) + x(5,1) + x(6,1) + x(7,1) + x(8,1) + x(9,1) + x(10,1) + x(11,1) + x(12,1) + x(13,1) + x(14,1) + x(15,1) + x(16,1) + x(17,1) + x(18,1) + x(19,1) + x(20,1) + x(21,1) + x(22,1) + x(23,1) + x(24,1) + x(25,1) + x(26,1) + x(27,1) + x(28,1) + x(29,1) + x(30,1) + x(31,1) + x(32,1) + x(33,1) + x(34,1) + x(35,1) + x(36,1) + x(37,1) + x(38,1) + x(39,1) + x(40,1) =E= 1 ; (LHS = 0, INFES = 1 ****)
     
r1(2)..  x(1,2) + x(2,2) + x(3,2) + x(4,2) + x(5,2) + x(6,2) + x(7,2) + x(8,2) + x(9,2) + x(10,2) + x(11,2) + x(12,2) + x(13,2) + x(14,2) + x(15,2) + x(16,2) + x(17,2) + x(18,2) + x(19,2) + x(20,2) + x(21,2) + x(22,2) + x(23,2) + x(24,2) + x(25,2) + x(26,2) + x(27,2) + x(28,2) + x(29,2) + x(30,2) + x(31,2) + x(32,2) + x(33,2) + x(34,2) + x(35,2) + x(36,2) + x(37,2) + x(38,2) + x(39,2) + x(40,2) =E= 1 ; (LHS = 0, INFES = 1 ****)
     
r1(3)..  x(1,3) + x(2,3) + x(3,3) + x(4,3) + x(5,3) + x(6,3) + x(7,3) + x(8,3) + x(9,3) + x(10,3) + x(11,3) + x(12,3) + x(13,3) + x(14,3) + x(15,3) + x(16,3) + x(17,3) + x(18,3) + x(19,3) + x(20,3) + x(21,3) + x(22,3) + x(23,3) + x(24,3) + x(25,3) + x(26,3) + x(27,3) + x(28,3) + x(29,3) + x(30,3) + x(31,3) + x(32,3) + x(33,3) + x(34,3) + x(35,3) + x(36,3) + x(37,3) + x(38,3) + x(39,3) + x(40,3) =E= 1 ; (LHS = 0, INFES = 1 ****)
     
REMAINING 37 ENTRIES SKIPPED


---- r2  =E=  

r2(1)..  x(1,1) + x(1,2) + x(1,3) + x(1,4) + x(1,5) + x(1,6) + x(1,7) + x(1,8) + x(1,9) + x(1,10) + x(1,11) + x(1,12) + x(1,13) + x(1,14) + x(1,15) + x(1,16) + x(1,17) + x(1,18) + x(1,19) + x(1,20) + x(1,21) + x(1,22) + x(1,23) + x(1,24) + x(1,25) + x(1,26) + x(1,27) + x(1,28) + x(1,29) + x(1,30) + x(1,31) + x(1,32) + x(1,33) + x(1,34) + x(1,35) + x(1,36) + x(1,37) + x(1,38) + x(1,39) + x(1,40) =E= 1 ; (LHS = 0, INFES = 1 ****)
     
r2(2)..  x(2,1) + x(2,2) + x(2,3) + x(2,4) + x(2,5) + x(2,6) + x(2,7) + x(2,8) + x(2,9) + x(2,10) + x(2,11) + x(2,12) + x(2,13) + x(2,14) + x(2,15) + x(2,16) + x(2,17) + x(2,18) + x(2,19) + x(2,20) + x(2,21) + x(2,22) + x(2,23) + x(2,24) + x(2,25) + x(2,26) + x(2,27) + x(2,28) + x(2,29) + x(2,30) + x(2,31) + x(2,32) + x(2,33) + x(2,34) + x(2,35) + x(2,36) + x(2,37) + x(2,38) + x(2,39) + x(2,40) =E= 1 ; (LHS = 0, INFES = 1 ****)
     
r2(3)..  x(3,1) + x(3,2) + x(3,3) + x(3,4) + x(3,5) + x(3,6) + x(3,7) + x(3,8) + x(3,9) + x(3,10) + x(3,11) + x(3,12) + x(3,13) + x(3,14) + x(3,15) + x(3,16) + x(3,17) + x(3,18) + x(3,19) + x(3,20) + x(3,21) + x(3,22) + x(3,23) + x(3,24) + x(3,25) + x(3,26) + x(3,27) + x(3,28) + x(3,29) + x(3,30) + x(3,31) + x(3,32) + x(3,33) + x(3,34) + x(3,35) + x(3,36) + x(3,37) + x(3,38) + x(3,39) + x(3,40) =E= 1 ; (LHS = 0, INFES = 1 ****)
     
REMAINING 37 ENTRIES SKIPPED


---- r3  =L=  

r3(2,3)..  u(2) - u(3) + 40*x(2,3) =L= 39 ; (LHS = 0)
     
r3(2,4)..  u(2) - u(4) + 40*x(2,4) =L= 39 ; (LHS = 0)
     
r3(2,5)..  u(2) - u(5) + 40*x(2,5) =L= 39 ; (LHS = 0)
     
REMAINING 1479 ENTRIES SKIPPED

GAMS 46.5.0  a671108d May 8, 2024           WEX-WEI x86 64bit/MS Windows - 09/07/24 13:02:35 Page 4
G e n e r a l   A l g e b r a i c   M o d e l i n g   S y s t e m
Column Listing      SOLVE transpor_1 Using MIP From line 65


---- z  

z
                (.LO, .L, .UP, .M = -INF, 0, +INF, 0)
        1       Obj


