GAMS 46.5.0  a671108d May 8, 2024           WEX-WEI x86 64bit/MS Windows - 09/07/24 13:02:30 Page 1
G e n e r a l   A l g e b r a i c   M o d e l i n g   S y s t e m
C o m p i l a t i o n


   1  *Cambia el número de i dependiendo de la cantidad de nodos que tengas en el problema
   2  Set
   3  i /1*40/;
   4  alias (i,j);
   5  *Cambia el nombre del csv que estes usando
   6  Table c(i,j)
INCLUDE    C:\Users\progra.DESKTOP-GV4Q93K\Documents\Vstudio\Geneticos\retointegrador\dist_matrix2.csv
   9  ,1,2,3,4,5,6,7,8,9,10,11,12,13,14,15,16,17,18,19,20,21,22,23,24,25,26,27,28,29,30,31,32,33,34,35,36,37,38,39,40
  10  1,999.0,5.65,9.17,18.81,3.64,6.17,4.96,2.67,5.54,3.29,1.88,9.37,4.5,4.06,3.2,2.61,3.71,3.91,9.5,3.25,14.28,2.51,3.89,3.24,4.71,13.24,18.64,4.31,8.36,22.26,8.38,3.25,7.6,14.54,5.6,13.28,13.57,7.75,13.7,19.49
  11  2,5.65,999.0,14.61,16.17,4.98,10.53,5.55,8.31,4.27,2.63,4.57,12.61,4.2,3.3,2.45,7.74,8.61,4.53,13.39,2.76,19.2,7.7,7.11,5.28,8.83,14.51,16.65,6.51,13.98,16.9,8.36,3.11,13.2,19.22,0.94,12.29,18.0,13.14,14.93,17.33
  12  3,9.17,14.61,999.0,23.06,10.42,9.54,13.25,6.81,12.58,12.46,10.88,7.58,11.67,11.96,12.24,6.87,8.46,12.64,6.06,12.42,5.86,6.91,8.34,11.64,6.59,13.07,22.02,9.41,2.18,31.42,12.41,12.41,2.17,6.68,14.72,16.47,6.55,1.48,13.43,23.01
  13  4,18.81,16.17,23.06,999.0,15.19,24.98,21.52,20.61,13.37,17.95,19.26,15.89,14.36,15.03,17.18,18.62,22.5,20.31,17.6,18.1,23.87,18.71,16.05,20.66,17.15,11.49,2.23,15.06,24.01,23.7,11.0,18.59,23.17,22.95,17.09,6.63,21.33,21.9,11.42,1.89
  14  5,3.64,4.98,10.42,15.19,999.0,9.8,7.59,5.57,2.26,4.28,4.57,7.65,1.26,1.73,3.5,3.92,7.31,6.31,8.41,4.38,14.43,3.96,2.23,6.17,4.05,10.28,15.0,1.53,10.34,21.68,4.82,4.77,9.48,14.35,5.54,9.68,13.08,8.95,10.74,15.85
  15  6,6.17,10.53,9.54,24.98,9.8,999.0,5.93,4.92,11.68,7.93,6.1,13.7,10.65,10.1,8.43,7.02,2.52,6.27,13.11,7.8,15.4,6.89,9.47,5.31,9.32,18.52,24.77,10.21,7.58,25.08,14.41,7.42,7.37,16.17,10.01,19.34,15.77,8.74,18.97,25.64
  16  7,4.96,5.55,13.25,21.52,7.59,5.93,999.0,6.51,8.48,3.63,3.19,14.32,7.75,6.83,4.46,7.48,5.08,1.29,14.45,3.48,18.79,7.36,8.68,1.74,9.67,17.83,21.79,8.8,11.87,19.23,12.3,3.0,11.3,19.21,4.76,16.92,18.36,11.99,18.28,22.53
  17  8,2.67,8.31,6.81,20.61,5.57,4.92,6.51,999.0,7.76,5.88,4.13,8.91,6.69,6.49,5.87,2.13,2.57,5.83,8.55,5.81,12.28,2.0,4.68,4.85,4.41,13.6,20.2,5.57,5.75,24.8,9.75,5.72,5.04,12.73,8.23,14.66,11.98,5.49,14.06,21.11
  18  9,5.54,4.27,12.58,13.37,2.26,11.68,8.48,7.76,999.0,4.86,5.91,8.82,1.07,1.68,4.02,6.18,9.26,7.2,9.9,5.0,16.25,6.22,4.25,7.38,6.06,10.25,13.4,3.23,12.58,20.12,4.11,5.48,11.72,16.04,5.09,8.44,14.67,11.12,10.67,14.2
  19  10,3.29,2.63,12.46,17.95,4.28,7.93,3.63,5.88,4.86,999.0,1.94,11.67,4.2,3.24,0.85,5.72,5.98,2.37,12.14,0.16,17.42,5.65,5.91,2.81,7.34,14.55,18.17,5.69,11.62,18.97,8.77,0.64,10.88,17.6,2.36,13.3,16.52,11.02,14.99,18.92
  20  11,1.88,4.57,10.88,19.26,4.57,6.1,3.19,4.13,5.91,1.94,999.0,11.15,5.0,4.24,2.33,4.49,4.04,2.05,11.35,1.83,16.12,4.39,5.49,1.6,6.54,14.69,19.3,5.65,9.87,20.68,9.38,1.62,9.17,16.41,4.26,14.17,15.45,9.5,15.15,20.11
  21  12,9.37,12.61,7.58,15.89,7.65,13.7,14.32,8.91,8.82,11.67,11.15,999.0,8.47,9.31,11.0,7.07,11.47,13.18,1.72,11.73,8.32,7.21,5.77,12.61,4.7,5.52,14.63,6.12,9.11,28.93,6.38,12.01,8.43,7.72,13.18,9.27,6.17,6.78,5.9,15.63
  22  13,4.5,4.2,11.67,14.36,1.26,10.65,7.75,6.69,1.07,4.2,5.0,8.47,999.0,1.0,3.35,5.15,8.21,6.46,9.39,4.33,15.57,5.18,3.41,6.52,5.24,10.48,14.31,2.51,11.58,20.61,4.57,4.78,10.73,15.44,4.91,9.2,14.11,10.2,10.92,15.13
  23  14,4.06,3.3,11.96,15.03,1.73,10.1,6.83,6.49,1.68,3.24,4.24,9.31,1.0,999.0,2.39,5.22,7.73,5.54,10.13,3.37,16.14,5.23,3.95,5.69,5.75,11.48,15.09,3.22,11.7,19.95,5.55,3.84,10.86,16.08,3.95,10.09,14.81,10.49,11.92,15.88
  24  15,3.2,2.45,12.24,17.18,3.5,8.43,4.46,5.87,4.02,0.85,2.33,11.0,3.35,2.39,999.0,5.41,6.32,3.18,11.56,0.98,17.03,5.35,5.27,3.5,6.81,13.73,17.36,4.96,11.55,19.19,7.93,1.46,10.77,17.15,2.49,12.46,16.02,10.78,14.18,18.12
  25  16,2.61,7.74,6.87,18.62,3.92,7.02,7.48,2.13,6.18,5.72,4.49,7.07,5.15,5.22,5.41,999.0,4.59,6.5,7.0,5.71,11.71,0.14,2.59,5.74,2.41,11.53,18.14,3.56,6.48,24.59,7.69,5.8,5.64,11.94,7.9,12.57,10.96,5.4,11.98,19.06
  26  17,3.71,8.61,8.46,22.5,7.31,2.52,5.08,2.57,9.26,5.98,4.04,11.47,8.21,7.73,6.32,4.59,999.0,4.89,11.07,5.86,14.23,4.45,6.96,3.82,6.95,16.11,22.26,7.69,6.87,24.18,11.89,5.56,6.39,14.83,8.24,16.82,14.22,7.37,16.57,23.14
  27  18,3.91,4.53,12.64,20.31,6.31,6.27,1.29,5.83,7.2,2.37,2.05,13.18,6.46,5.54,3.18,6.5,4.89,999.0,13.4,2.22,18.03,6.39,7.49,1.08,8.58,16.57,20.54,7.55,11.42,19.29,11.0,1.73,10.79,18.37,3.84,15.63,17.45,11.31,17.02,21.29
  28  19,9.5,13.39,6.06,17.6,8.41,13.11,14.45,8.55,9.9,12.14,11.35,1.72,9.39,10.13,11.56,7.0,11.07,13.4,999.0,12.18,6.71,7.12,6.31,12.72,4.83,7.03,16.33,6.91,7.77,29.99,7.91,12.4,7.18,6.24,13.88,10.99,4.79,5.46,7.37,17.33
  29  20,3.25,2.76,12.42,18.1,4.38,7.8,3.48,5.81,5.0,0.16,1.83,11.73,4.33,3.37,0.98,5.71,5.86,2.22,12.18,999.0,17.42,5.64,5.96,2.65,7.37,14.65,18.32,5.78,11.56,19.02,8.9,0.49,10.82,17.6,2.44,13.44,16.53,10.99,15.1,19.08
  30  21,14.28,19.2,5.86,23.87,14.43,15.4,18.79,12.28,16.25,17.42,16.12,8.32,15.57,16.14,17.03,11.71,14.23,18.03,6.71,17.42,999.0,11.79,12.2,17.11,10.4,12.56,22.36,13.06,7.91,36.07,14.62,17.51,8.03,1.36,19.5,17.36,2.67,6.87,12.75,23.35
  31  22,2.51,7.7,6.91,18.71,3.96,6.89,7.36,2.0,6.22,5.65,4.39,7.21,5.18,5.23,5.35,0.14,4.45,6.39,7.12,5.64,11.79,999.0,2.7,5.62,2.55,11.66,18.25,3.65,6.47,24.54,7.8,5.71,5.63,12.04,7.84,12.68,11.07,5.44,12.12,19.16
  32  23,3.89,7.11,8.34,16.05,2.23,9.47,8.68,4.68,4.25,5.91,5.49,5.77,3.41,3.95,5.27,2.59,6.96,7.49,6.31,5.96,12.2,2.7,999.0,7.04,1.83,9.35,15.55,1.1,8.5,23.89,5.1,6.24,7.63,12.14,7.57,9.98,10.89,6.89,9.81,16.47
  33  24,3.24,5.28,11.64,20.66,6.17,5.31,1.74,4.85,7.38,2.81,1.6,12.61,6.52,5.69,3.5,5.74,3.82,1.08,12.72,2.65,17.11,5.62,7.04,999.0,7.95,16.29,20.78,7.25,10.37,20.37,10.96,2.21,9.76,17.5,4.7,15.72,16.63,10.34,16.75,21.57
  34  25,4.71,8.83,6.59,17.15,4.05,9.32,9.67,4.41,6.06,7.34,6.54,4.7,5.24,5.75,6.81,2.41,6.95,8.58,4.83,7.37,10.4,2.55,1.83,7.95,999.0,9.2,16.45,2.84,6.98,25.67,6.18,7.58,6.11,10.39,9.21,10.81,9.21,5.17,9.65,17.4
  35  26,13.24,14.51,13.07,11.49,10.28,18.52,17.83,13.6,10.25,14.55,14.69,5.52,10.48,11.48,13.73,11.53,16.11,16.57,7.03,14.65,12.56,11.66,9.35,16.29,9.2,999.0,9.83,9.04,14.63,29.04,6.22,15.05,13.93,11.54,15.32,5.48,9.94,12.3,0.46,10.81
  36  27,18.64,16.65,22.02,2.23,15.0,24.77,21.79,20.2,13.4,18.17,19.3,14.63,14.31,15.09,17.36,18.14,22.26,20.54,16.33,18.32,22.36,18.25,15.55,20.78,16.45,9.83,999.0,14.64,23.13,25.54,10.45,18.8,22.32,21.38,17.59,5.64,19.77,20.94,9.7,1.0
  37  28,4.31,6.51,9.41,15.06,1.53,10.21,8.8,5.57,3.23,5.69,5.65,6.12,2.51,3.22,4.96,3.56,7.69,7.55,6.91,5.78,13.06,3.65,1.1,7.25,2.84,9.04,14.64,999.0,9.6,23.12,4.21,6.12,8.73,12.92,7.07,9.13,11.61,7.96,9.5,15.54
  38  29,8.36,13.98,2.18,24.01,10.34,7.58,11.87,5.75,12.58,11.62,9.87,9.11,11.58,11.7,11.55,6.48,6.87,11.42,7.77,11.56,7.91,6.47,8.5,10.37,6.98,14.63,23.13,9.6,999.0,30.55,13.11,11.47,0.87,8.81,13.96,17.51,8.73,2.33,15.01,24.11
  39  30,22.26,16.9,31.42,23.7,21.68,25.08,19.23,24.8,20.12,18.97,20.68,28.93,20.61,19.95,19.19,24.59,24.18,19.29,29.99,19.02,36.07,24.54,23.89,20.37,25.67,29.04,25.54,23.12,30.55,999.0,23.2,19.08,29.83,36.03,16.7,24.54,34.73,29.97,29.35,25.57
  40  31,8.38,8.36,12.41,11.0,4.82,14.41,12.3,9.75,4.11,8.77,9.38,6.38,4.57,5.55,7.93,7.69,11.89,11.0,7.91,8.9,14.62,7.8,5.1,10.96,6.18,6.22,10.45,4.21,13.11,23.2,999.0,9.35,12.26,14.1,9.2,4.93,12.55,11.12,6.62,11.37
  41  32,3.25,3.11,12.41,18.59,4.77,7.42,3.0,5.72,5.48,0.64,1.62,12.01,4.78,3.84,1.46,5.8,5.56,1.73,12.4,0.49,17.51,5.71,6.24,2.21,7.58,15.05,18.8,6.12,11.47,19.08,9.35,999.0,10.75,17.73,2.68,13.92,16.69,11.0,15.5,19.56
  42  33,7.6,13.2,2.17,23.17,9.48,7.37,11.3,5.04,11.72,10.88,9.17,8.43,10.73,10.86,10.77,5.64,6.39,10.79,7.18,10.82,8.03,5.63,7.63,9.76,6.11,13.93,22.32,8.73,0.87,29.83,12.26,10.75,999.0,8.83,13.2,16.7,8.59,1.75,14.33,23.3
  43  34,14.54,19.22,6.68,22.95,14.35,16.17,19.21,12.73,16.04,17.6,16.41,7.72,15.44,16.08,17.15,11.94,14.83,18.37,6.24,17.6,1.36,12.04,12.14,17.5,10.39,11.54,21.38,12.92,8.81,36.03,14.1,17.73,8.83,999.0,19.59,16.52,1.63,7.48,11.71,22.36
  44  35,5.6,0.94,14.72,17.09,5.54,10.01,4.76,8.23,5.09,2.36,4.26,13.18,4.91,3.95,2.49,7.9,8.24,3.84,13.88,2.44,19.5,7.84,7.57,4.7,9.21,15.32,17.59,7.07,13.96,16.7,9.2,2.68,13.2,19.59,999.0,13.21,18.42,13.27,15.75,18.26
  45  36,13.28,12.29,16.47,6.63,9.68,19.34,16.92,14.66,8.44,13.3,14.17,9.27,9.2,10.09,12.46,12.57,16.82,15.63,10.99,13.44,17.36,12.68,9.98,15.72,10.81,5.48,5.64,9.13,17.51,24.54,4.93,13.92,16.7,16.52,13.21,999.0,14.9,15.34,5.58,6.61
  46  37,13.57,18.0,6.55,21.33,13.08,15.77,18.36,11.98,14.67,16.52,15.45,6.17,14.11,14.81,16.02,10.96,14.22,17.45,4.79,16.53,2.67,11.07,10.89,16.63,9.21,9.94,19.77,11.61,8.73,34.73,12.55,16.69,8.59,1.63,18.42,14.9,999.0,7.05,10.12,20.75
  47  38,7.75,13.14,1.48,21.9,8.95,8.74,11.99,5.49,11.12,11.02,9.5,6.78,10.2,10.49,10.78,5.4,7.37,11.31,5.46,10.99,6.87,5.44,6.89,10.34,5.17,12.3,20.94,7.96,2.33,29.97,11.12,11.0,1.75,7.48,13.27,15.34,7.05,999.0,12.68,21.92
  48  39,13.7,14.93,13.43,11.42,10.74,18.97,18.28,14.06,10.67,14.99,15.15,5.9,10.92,11.92,14.18,11.98,16.57,17.02,7.37,15.1,12.75,12.12,9.81,16.75,9.65,0.46,9.7,9.5,15.01,29.35,6.62,15.5,14.33,11.71,15.75,5.58,10.12,12.68,999.0,10.67
  49  40,19.49,17.33,23.01,1.89,15.85,25.64,22.53,21.11,14.2,18.92,20.11,15.63,15.13,15.88,18.12,19.06,23.14,21.29,17.33,19.08,23.35,19.16,16.47,21.57,17.4,10.81,1.0,15.54,24.11,25.57,11.37,19.56,23.3,22.36,18.26,6.61,20.75,21.92,10.67,999.0
  51   
  52  variable z;
  53  positive Variable u(i);
  54  binary variable x(i,j);
  55   
  56  Equations
  57  Obj, r1, r2, r3;
  58   
  59  Obj.. z=E=sum((i,j),c(i,j)*x(i,j));
  60  r1(j).. sum(i,x(i,j))=E=1;
  61  r2(i).. sum(j,x(i,j))=E=1;
  62  r3(i,j)$(ord(i)>1 and ord(j)>1 and ord(i)<>ord(j)).. u(i)-u(j)+card(i)*x(i,j)=l=card(i)-1
  63   
  64  model transpor_1 /all/;
  65  solve transpor_1 using MIP minimizing z;
  66   
  67   
  68   
GAMS 46.5.0  a671108d May 8, 2024           WEX-WEI x86 64bit/MS Windows - 09/07/24 13:02:30 Page 2
G e n e r a l   A l g e b r a i c   M o d e l i n g   S y s t e m
Include File Summary


   SEQ   GLOBAL TYPE      PARENT   LOCAL  FILENAME

     1        1 INPUT          0       0  C:\Users\progra.DESKTOP-GV4Q93K\Documents\Vstudio\Geneticos\retointegrador\reto3.gms
     2        8 INCLUDE        1       8  .C:\Users\progra.DESKTOP-GV4Q93K\Documents\Vstudio\Geneticos\retointegrador\dist_matrix2.csv


COMPILATION TIME     =        0.172 SECONDS      3 MB  46.5.0 a671108d WEX-WEI
GAMS 46.5.0  a671108d May 8, 2024           WEX-WEI x86 64bit/MS Windows - 09/07/24 13:02:30 Page 3
G e n e r a l   A l g e b r a i c   M o d e l i n g   S y s t e m
Equation Listing    SOLVE transpor_1 Using MIP From line 65


---- Obj  =E=  

Obj..  z - 999*x(1,1) - 5.65*x(1,2) - 9.17*x(1,3) - 18.81*x(1,4) - 3.64*x(1,5) - 6.17*x(1,6) - 4.96*x(1,7) - 2.67*x(1,8) - 5.54*x(1,9) - 3.29*x(1,10) - 1.88*x(1,11) - 9.37*x(1,12) - 4.5*x(1,13) - 4.06*x(1,14) - 3.2*x(1,15) - 2.61*x(1,16) - 3.71*x(1,17) - 3.91*x(1,18) - 9.5*x(1,19) - 3.25*x(1,20) - 14.28*x(1,21) - 2.51*x(1,22) - 3.89*x(1,23) - 3.24*x(1,24) - 4.71*x(1,25) - 13.24*x(1,26) - 18.64*x(1,27) - 4.31*x(1,28) - 8.36*x(1,29) - 22.26*x(1,30) - 8.38*x(1,31) - 3.25*x(1,32) - 7.6*x(1,33) - 14.54*x(1,34) - 5.6*x(1,35) - 13.28*x(1,36) - 13.57*x(1,37) - 7.75*x(1,38) - 13.7*x(1,39) - 19.49*x(1,40) - 5.65*x(2,1) - 999*x(2,2) - 14.61*x(2,3) - 16.17*x(2,4) - 4.98*x(2,5) - 10.53*x(2,6) - 5.55*x(2,7) - 8.31*x(2,8) - 4.27*x(2,9) - 2.63*x(2,10) - 4.57*x(2,11) - 12.61*x(2,12) - 4.2*x(2,13) - 3.3*x(2,14) - 2.45*x(2,15) - 7.74*x(2,16) - 8.61*x(2,17) - 4.53*x(2,18) - 13.39*x(2,19) - 2.76*x(2,20) - 19.2*x(2,21) - 7.7*x(2,22) - 7.11*x(2,23) - 5.28*x(2,24) - 8.83*x(2,25) - 14.51*x(2,26) - 16.65*x(2,27) - 6.51*x(2,28) - 13.98*x(2,29) - 16.9*x(2,30) - 8.36*x(2,31) - 3.11*x(2,32) - 13.2*x(2,33) - 19.22*x(2,34) - 0.94*x(2,35) - 12.29*x(2,36) - 18*x(2,37) - 13.14*x(2,38) - 14.93*x(2,39) - 17.33*x(2,40) - 9.17*x(3,1) - 14.61*x(3,2) - 999*x(3,3) - 23.06*x(3,4) - 10.42*x(3,5) - 9.54*x(3,6) - 13.25*x(3,7) - 6.81*x(3,8) - 12.58*x(3,9) - 12.46*x(3,10) - 10.88*x(3,11) - 7.58*x(3,12) - 11.67*x(3,13) - 11.96*x(3,14) - 12.24*x(3,15) - 6.87*x(3,16) - 8.46*x(3,17) - 12.64*x(3,18) - 6.06*x(3,19) - 12.42*x(3,20) - 5.86*x(3,21) - 6.91*x(3,22) - 8.34*x(3,23) - 11.64*x(3,24) - 6.59*x(3,25) - 13.07*x(3,26) - 22.02*x(3,27) - 9.41*x(3,28) - 2.18*x(3,29) - 31.42*x(3,30) - 12.41*x(3,31) - 12.41*x(3,32) - 2.17*x(3,33) - 6.68*x(3,34) - 14.72*x(3,35) - 16.47*x(3,36) - 6.55*x(3,37) - 1.48*x(3,38) - 13.43*x(3,39) - 23.01*x(3,40) - 18.81*x(4,1) - 16.17*x(4,2) - 23.06*x(4,3) - 999*x(4,4) - 15.19*x(4,5) - 24.98*x(4,6) - 21.52*x(4,7) - 20.61*x(4,8) - 13.37*x(4,9) - 17.95*x(4,10) - 19.26*x(4,11) - 15.89*x(4,12) - 14.36*x(4,13) - 15.03*x(4,14) - 17.18*x(4,15) - 18.62*x(4,16) - 22.5*x(4,17) - 20.31*x(4,18) - 17.6*x(4,19) - 18.1*x(4,20) - 23.87*x(4,21) - 18.71*x(4,22) - 16.05*x(4,23) - 20.66*x(4,24) - 17.15*x(4,25) - 11.49*x(4,26) - 2.23*x(4,27) - 15.06*x(4,28) - 24.01*x(4,29) - 23.7*x(4,30) - 11*x(4,31) - 18.59*x(4,32) - 23.17*x(4,33) - 22.95*x(4,34) - 17.09*x(4,35) - 6.63*x(4,36) - 21.33*x(4,37) - 21.9*x(4,38) - 11.42*x(4,39) - 1.89*x(4,40) - 3.64*x(5,1) - 4.98*x(5,2) - 10.42*x(5,3) - 15.19*x(5,4) - 999*x(5,5) - 9.8*x(5,6) - 7.59*x(5,7) - 5.57*x(5,8) - 2.26*x(5,9) - 4.28*x(5,10) - 4.57*x(5,11) - 7.65*x(5,12) - 1.26*x(5,13) - 1.73*x(5,14) - 3.5*x(5,15) - 3.92*x(5,16) - 7.31*x(5,17) - 6.31*x(5,18) - 8.41*x(5,19) - 4.38*x(5,20) - 14.43*x(5,21) - 3.96*x(5,22) - 2.23*x(5,23) - 6.17*x(5,24) - 4.05*x(5,25) - 10.28*x(5,26) - 15*x(5,27) - 1.53*x(5,28) - 10.34*x(5,29) - 21.68*x(5,30) - 4.82*x(5,31) - 4.77*x(5,32) - 9.48*x(5,33) - 14.35*x(5,34) - 5.54*x(5,35) - 9.68*x(5,36) - 13.08*x(5,37) - 8.95*x(5,38) - 10.74*x(5,39) - 15.85*x(5,40) - 6.17*x(6,1) - 10.53*x(6,2) - 9.54*x(6,3) - 24.98*x(6,4) - 9.8*x(6,5) - 999*x(6,6) - 5.93*x(6,7) - 4.92*x(6,8) - 11.68*x(6,9) - 7.93*x(6,10) - 6.1*x(6,11) - 13.7*x(6,12) - 10.65*x(6,13) - 10.1*x(6,14) - 8.43*x(6,15) - 7.02*x(6,16) - 2.52*x(6,17) - 6.27*x(6,18) - 13.11*x(6,19) - 7.8*x(6,20) - 15.4*x(6,21) - 6.89*x(6,22) - 9.47*x(6,23) - 5.31*x(6,24) - 9.32*x(6,25) - 18.52*x(6,26) - 24.77*x(6,27) - 10.21*x(6,28) - 7.58*x(6,29) - 25.08*x(6,30) - 14.41*x(6,31) - 7.42*x(6,32) - 7.37*x(6,33) - 16.17*x(6,34) - 10.01*x(6,35) - 19.34*x(6,36) - 15.77*x(6,37) - 8.74*x(6,38) - 18.97*x(6,39) - 25.64*x(6,40) - 4.96*x(7,1) - 5.55*x(7,2) - 13.25*x(7,3) - 21.52*x(7,4) - 7.59*x(7,5) - 5.93*x(7,6) - 999*x(7,7) - 6.51*x(7,8) - 8.48*x(7,9) - 3.63*x(7,10) - 3.19*x(7,11) - 14.32*x(7,12) - 7.75*x(7,13) - 6.83*x(7,14) - 4.46*x(7,15) - 7.48*x(7,16) - 5.08*x(7,17) - 1.29*x(7,18) - 14.45*x(7,19) - 3.48*x(7,20) - 18.79*x(7,21) - 7.36*x(7,22) - 8.68*x(7,23) - 1.74*x(7,24) - 9.67*x(7,25) - 17.83*x(7,26) - 21.79*x(7,27) - 8.8*x(7,28) - 11.87*x(7,29) - 19.23*x(7,30) - 12.3*x(7,31) - 3*x(7,32) - 11.3*x(7,33) - 19.21*x(7,34) - 4.76*x(7,35) - 16.92*x(7,36) - 18.36*x(7,37) - 11.99*x(7,38) - 18.28*x(7,39) - 22.53*x(7,40) - 2.67*x(8,1) - 8.31*x(8,2) - 6.81*x(8,3) - 20.61*x(8,4) - 5.57*x(8,5) - 4.92*x(8,6) - 6.51*x(8,7) - 999*x(8,8) - 7.76*x(8,9) - 5.88*x(8,10) - 4.13*x(8,11) - 8.91*x(8,12) - 6.69*x(8,13) - 6.49*x(8,14) - 5.87*x(8,15) - 2.13*x(8,16) - 2.57*x(8,17) - 5.83*x(8,18) - 8.55*x(8,19) - 5.81*x(8,20) - 12.28*x(8,21) - 2*x(8,22) - 4.68*x(8,23) - 4.85*x(8,24) - 4.41*x(8,25) - 13.6*x(8,26) - 20.2*x(8,27) - 5.57*x(8,28) - 5.75*x(8,29) - 24.8*x(8,30) - 9.75*x(8,31) - 5.72*x(8,32) - 5.04*x(8,33) - 12.73*x(8,34) - 8.23*x(8,35) - 14.66*x(8,36) - 11.98*x(8,37) - 5.49*x(8,38) - 14.06*x(8,39) - 21.11*x(8,40) - 5.54*x(9,1) - 4.27*x(9,2) - 12.58*x(9,3) - 13.37*x(9,4) - 2.26*x(9,5) - 11.68*x(9,6) - 8.48*x(9,7) - 7.76*x(9,8) - 999*x(9,9) - 4.86*x(9,10) - 5.91*x(9,11) - 8.82*x(9,12) - 1.07*x(9,13) - 1.68*x(9,14) - 4.02*x(9,15) - 6.18*x(9,16) - 9.26*x(9,17) - 7.2*x(9,18) - 9.9*x(9,19) - 5*x(9,20) - 16.25*x(9,21) - 6.22*x(9,22) - 4.25*x(9,23) - 7.38*x(9,24) - 6.06*x(9,25) - 10.25*x(9,26) - 13.4*x(9,27) - 3.23*x(9,28) - 12.58*x(9,29) - 20.12*x(9,30) - 4.11*x(9,31) - 5.48*x(9,32) - 11.72*x(9,33) - 16.04*x(9,34) - 5.09*x(9,35) - 8.44*x(9,36) - 14.67*x(9,37) - 11.12*x(9,38) - 10.67*x(9,39) - 14.2*x(9,40) - 3.29*x(10,1) - 2.63*x(10,2) - 12.46*x(10,3) - 17.95*x(10,4) - 4.28*x(10,5) - 7.93*x(10,6) - 3.63*x(10,7) - 5.88*x(10,8) - 4.86*x(10,9) - 999*x(10,10) - 1.94*x(10,11) - 11.67*x(10,12) - 4.2*x(10,13) - 3.24*x(10,14) - 0.85*x(10,15) - 5.72*x(10,16) - 5.98*x(10,17) - 2.37*x(10,18) - 12.14*x(10,19) - 0.16*x(10,20) - 17.42*x(10,21) - 5.65*x(10,22) - 5.91*x(10,23) - 2.81*x(10,24) - 7.34*x(10,25) - 14.55*x(10,26) - 18.17*x(10,27) - 5.69*x(10,28) - 11.62*x(10,29) - 18.97*x(10,30) - 8.77*x(10,31) - 0.64*x(10,32) - 10.88*x(10,33) - 17.6*x(10,34) - 2.36*x(10,35) - 13.3*x(10,36) - 16.52*x(10,37) - 11.02*x(10,38) - 14.99*x(10,39) - 18.92*x(10,40) - 1.88*x(11,1) - 4.57*x(11,2) - 10.88*x(11,3) - 19.26*x(11,4) - 4.57*x(11,5) - 6.1*x(11,6) - 3.19*x(11,7) - 4.13*x(11,8) - 5.91*x(11,9) - 1.94*x(11,10) - 999*x(11,11) - 11.15*x(11,12) - 5*x(11,13) - 4.24*x(11,14) - 2.33*x(11,15) - 4.49*x(11,16) - 4.04*x(11,17) - 2.05*x(11,18) - 11.35*x(11,19) - 1.83*x(11,20) - 16.12*x(11,21) - 4.39*x(11,22) - 5.49*x(11,23) - 1.6*x(11,24) - 6.54*x(11,25) - 14.69*x(11,26) - 19.3*x(11,27) - 5.65*x(11,28) - 9.87*x(11,29) - 20.68*x(11,30) - 9.38*x(11,31) - 1.62*x(11,32) - 9.17*x(11,33) - 16.41*x(11,34) - 4.26*x(11,35) - 14.17*x(11,36) - 15.45*x(11,37) - 9.5*x(11,38) - 15.15*x(11,39) - 20.11*x(11,40) - 9.37*x(12,1) - 12.61*x(12,2) - 7.58*x(12,3) - 15.89*x(12,4) - 7.65*x(12,5) - 13.7*x(12,6) - 14.32*x(12,7) - 8.91*x(12,8) - 8.82*x(12,9) - 11.67*x(12,10) - 11.15*x(12,11) - 999*x(12,12) - 8.47*x(12,13) - 9.31*x(12,14) - 11*x(12,15) - 7.07*x(12,16) - 11.47*x(12,17) - 13.18*x(12,18) - 1.72*x(12,19) - 11.73*x(12,20) - 8.32*x(12,21) - 7.21*x(12,22) - 5.77*x(12,23) - 12.61*x(12,24) - 4.7*x(12,25) - 5.52*x(12,26) - 14.63*x(12,27) - 6.12*x(12,28) - 9.11*x(12,29) - 28.93*x(12,30) - 6.38*x(12,31) - 12.01*x(12,32) - 8.43*x(12,33) - 7.72*x(12,34) - 13.18*x(12,35) - 9.27*x(12,36) - 6.17*x(12,37) - 6.78*x(12,38) - 5.9*x(12,39) - 15.63*x(12,40) - 4.5*x(13,1) - 4.2*x(13,2) - 11.67*x(13,3) - 14.36*x(13,4) - 1.26*x(13,5) - 10.65*x(13,6) - 7.75*x(13,7) - 6.69*x(13,8) - 1.07*x(13,9) - 4.2*x(13,10) - 5*x(13,11) - 8.47*x(13,12) - 999*x(13,13) - x(13,14) - 3.35*x(13,15) - 5.15*x(13,16) - 8.21*x(13,17) - 6.46*x(13,18) - 9.39*x(13,19) - 4.33*x(13,20) - 15.57*x(13,21) - 5.18*x(13,22) - 3.41*x(13,23) - 6.52*x(13,24) - 5.24*x(13,25) - 10.48*x(13,26) - 14.31*x(13,27) - 2.51*x(13,28) - 11.58*x(13,29) - 20.61*x(13,30) - 4.57*x(13,31) - 4.78*x(13,32) - 10.73*x(13,33) - 15.44*x(13,34) - 4.91*x(13,35) - 9.2*x(13,36) - 14.11*x(13,37) - 10.2*x(13,38) - 10.92*x(13,39) - 15.13*x(13,40) - 4.06*x(14,1) - 3.3*x(14,2) - 11.96*x(14,3) - 15.03*x(14,4) - 1.73*x(14,5) - 10.1*x(14,6) - 6.83*x(14,7) - 6.49*x(14,8) - 1.68*x(14,9) - 3.24*x(14,10) - 4.24*x(14,11) - 9.31*x(14,12) - x(14,13) - 999*x(14,14) - 2.39*x(14,15) - 5.22*x(14,16) - 7.73*x(14,17) - 5.54*x(14,18) - 10.13*x(14,19) - 3.37*x(14,20) - 16.14*x(14,21) - 5.23*x(14,22) - 3.95*x(14,23) - 5.69*x(14,24) - 5.75*x(14,25) - 11.48*x(14,26) - 15.09*x(14,27) - 3.22*x(14,28) - 11.7*x(14,29) - 19.95*x(14,30) - 5.55*x(14,31) - 3.84*x(14,32) - 10.86*x(14,33) - 16.08*x(14,34) - 3.95*x(14,35) - 10.09*x(14,36) - 14.81*x(14,37) - 10.49*x(14,38) - 11.92*x(14,39) - 15.88*x(14,40) - 3.2*x(15,1) - 2.45*x(15,2) - 12.24*x(15,3) - 17.18*x(15,4) - 3.5*x(15,5) - 8.43*x(15,6) - 4.46*x(15,7) - 5.87*x(15,8) - 4.02*x(15,9) - 0.85*x(15,10) - 2.33*x(15,11) - 11*x(15,12) - 3.35*x(15,13) - 2.39*x(15,14) - 999*x(15,15) - 5.41*x(15,16) - 6.32*x(15,17) - 3.18*x(15,18) - 11.56*x(15,19) - 0.98*x(15,20) - 17.03*x(15,21) - 5.35*x(15,22) - 5.27*x(15,23) - 3.5*x(15,24) - 6.81*x(15,25) - 13.73*x(15,26) - 17.36*x(15,27) - 4.96*x(15,28) - 11.55*x(15,29) - 19.19*x(15,30) - 7.93*x(15,31) - 1.46*x(15,32) - 10.77*x(15,33) - 17.15*x(15,34) - 2.49*x(15,35) - 12.46*x(15,36) - 16.02*x(15,37) - 10.78*x(15,38) - 14.18*x(15,39) - 18.12*x(15,40) - 2.61*x(16,1) - 7.74*x(16,2) - 6.87*x(16,3) - 18.62*x(16,4) - 3.92*x(16,5) - 7.02*x(16,6) - 7.48*x(16,7) - 2.13*x(16,8) - 6.18*x(16,9) - 5.72*x(16,10) - 4.49*x(16,11) - 7.07*x(16,12) - 5.15*x(16,13) - 5.22*x(16,14) - 5.41*x(16,15) - 999*x(16,16) - 4.59*x(16,17) - 6.5*x(16,18) - 7*x(16,19) - 5.71*x(16,20) - 11.71*x(16,21) - 0.14*x(16,22) - 2.59*x(16,23) - 5.74*x(16,24) - 2.41*x(16,25) - 11.53*x(16,26) - 18.14*x(16,27) - 3.56*x(16,28) - 6.48*x(16,29) - 24.59*x(16,30) - 7.69*x(16,31) - 5.8*x(16,32) - 5.64*x(16,33) - 11.94*x(16,34) - 7.9*x(16,35) - 12.57*x(16,36) - 10.96*x(16,37) - 5.4*x(16,38) - 11.98*x(16,39) - 19.06*x(16,40) - 3.71*x(17,1) - 8.61*x(17,2) - 8.46*x(17,3) - 22.5*x(17,4) - 7.31*x(17,5) - 2.52*x(17,6) - 5.08*x(17,7) - 2.57*x(17,8) - 9.26*x(17,9) - 5.98*x(17,10) - 4.04*x(17,11) - 11.47*x(17,12) - 8.21*x(17,13) - 7.73*x(17,14) - 6.32*x(17,15) - 4.59*x(17,16) - 999*x(17,17) - 4.89*x(17,18) - 11.07*x(17,19) - 5.86*x(17,20) - 14.23*x(17,21) - 4.45*x(17,22) - 6.96*x(17,23) - 3.82*x(17,24) - 6.95*x(17,25) - 16.11*x(17,26) - 22.26*x(17,27) - 7.69*x(17,28) - 6.87*x(17,29) - 24.18*x(17,30) - 11.89*x(17,31) - 5.56*x(17,32) - 6.39*x(17,33) - 14.83*x(17,34) - 8.24*x(17,35) - 16.82*x(17,36) - 14.22*x(17,37) - 7.37*x(17,38) - 16.57*x(17,39) - 23.14*x(17,40) - 3.91*x(18,1) - 4.53*x(18,2) - 12.64*x(18,3) - 20.31*x(18,4) - 6.31*x(18,5) - 6.27*x(18,6) - 1.29*x(18,7) - 5.83*x(18,8) - 7.2*x(18,9) - 2.37*x(18,10) - 2.05*x(18,11) - 13.18*x(18,12) - 6.46*x(18,13) - 5.54*x(18,14) - 3.18*x(18,15) - 6.5*x(18,16) - 4.89*x(18,17) - 999*x(18,18) - 13.4*x(18,19) - 2.22*x(18,20) - 18.03*x(18,21) - 6.39*x(18,22) - 7.49*x(18,23) - 1.08*x(18,24) - 8.58*x(18,25) - 16.57*x(18,26) - 20.54*x(18,27) - 7.55*x(18,28) - 11.42*x(18,29) - 19.29*x(18,30) - 11*x(18,31) - 1.73*x(18,32) - 10.79*x(18,33) - 18.37*x(18,34) - 3.84*x(18,35) - 15.63*x(18,36) - 17.45*x(18,37) - 11.31*x(18,38) - 17.02*x(18,39) - 21.29*x(18,40) - 9.5*x(19,1) - 13.39*x(19,2) - 6.06*x(19,3) - 17.6*x(19,4) - 8.41*x(19,5) - 13.11*x(19,6) - 14.45*x(19,7) - 8.55*x(19,8) - 9.9*x(19,9) - 12.14*x(19,10) - 11.35*x(19,11) - 1.72*x(19,12) - 9.39*x(19,13) - 10.13*x(19,14) - 11.56*x(19,15) - 7*x(19,16) - 11.07*x(19,17) - 13.4*x(19,18) - 999*x(19,19) - 12.18*x(19,20) - 6.71*x(19,21) - 7.12*x(19,22) - 6.31*x(19,23) - 12.72*x(19,24) - 4.83*x(19,25) - 7.03*x(19,26) - 16.33*x(19,27) - 6.91*x(19,28) - 7.77*x(19,29) - 29.99*x(19,30) - 7.91*x(19,31) - 12.4*x(19,32) - 7.18*x(19,33) - 6.24*x(19,34) - 13.88*x(19,35) - 10.99*x(19,36) - 4.79*x(19,37) - 5.46*x(19,38) - 7.37*x(19,39) - 17.33*x(19,40) - 3.25*x(20,1) - 2.76*x(20,2) - 12.42*x(20,3) - 18.1*x(20,4) - 4.38*x(20,5) - 7.8*x(20,6) - 3.48*x(20,7) - 5.81*x(20,8) - 5*x(20,9) - 0.16*x(20,10) - 1.83*x(20,11) - 11.73*x(20,12) - 4.33*x(20,13) - 3.37*x(20,14) - 0.98*x(20,15) - 5.71*x(20,16) - 5.86*x(20,17) - 2.22*x(20,18) - 12.18*x(20,19) - 999*x(20,20) - 17.42*x(20,21) - 5.64*x(20,22) - 5.96*x(20,23) - 2.65*x(20,24) - 7.37*x(20,25) - 14.65*x(20,26) - 18.32*x(20,27) - 5.78*x(20,28) - 11.56*x(20,29) - 19.02*x(20,30) - 8.9*x(20,31) - 0.49*x(20,32) - 10.82*x(20,33) - 17.6*x(20,34) - 2.44*x(20,35) - 13.44*x(20,36) - 16.53*x(20,37) - 10.99*x(20,38) - 15.1*x(20,39) - 19.08*x(20,40) - 14.28*x(21,1) - 19.2*x(21,2) - 5.86*x(21,3) - 23.87*x(21,4) - 14.43*x(21,5) - 15.4*x(21,6) - 18.79*x(21,7) - 12.28*x(21,8) - 16.25*x(21,9) - 17.42*x(21,10) - 16.12*x(21,11) - 8.32*x(21,12) - 15.57*x(21,13) - 16.14*x(21,14) - 17.03*x(21,15) - 11.71*x(21,16) - 14.23*x(21,17) - 18.03*x(21,18) - 6.71*x(21,19) - 17.42*x(21,20) - 999*x(21,21) - 11.79*x(21,22) - 12.2*x(21,23) - 17.11*x(21,24) - 10.4*x(21,25) - 12.56*x(21,26) - 22.36*x(21,27) - 13.06*x(21,28) - 7.91*x(21,29) - 36.07*x(21,30) - 14.62*x(21,31) - 17.51*x(21,32) - 8.03*x(21,33) - 1.36*x(21,34) - 19.5*x(21,35) - 17.36*x(21,36) - 2.67*x(21,37) - 6.87*x(21,38) - 12.75*x(21,39) - 23.35*x(21,40) - 2.51*x(22,1) - 7.7*x(22,2) - 6.91*x(22,3) - 18.71*x(22,4) - 3.96*x(22,5) - 6.89*x(22,6) - 7.36*x(22,7) - 2*x(22,8) - 6.22*x(22,9) - 5.65*x(22,10) - 4.39*x(22,11) - 7.21*x(22,12) - 5.18*x(22,13) - 5.23*x(22,14) - 5.35*x(22,15) - 0.14*x(22,16) - 4.45*x(22,17) - 6.39*x(22,18) - 7.12*x(22,19) - 5.64*x(22,20) - 11.79*x(22,21) - 999*x(22,22) - 2.7*x(22,23) - 5.62*x(22,24) - 2.55*x(22,25) - 11.66*x(22,26) - 18.25*x(22,27) - 3.65*x(22,28) - 6.47*x(22,29) - 24.54*x(22,30) - 7.8*x(22,31) - 5.71*x(22,32) - 5.63*x(22,33) - 12.04*x(22,34) - 7.84*x(22,35) - 12.68*x(22,36) - 11.07*x(22,37) - 5.44*x(22,38) - 12.12*x(22,39) - 19.16*x(22,40) - 3.89*x(23,1) - 7.11*x(23,2) - 8.34*x(23,3) - 16.05*x(23,4) - 2.23*x(23,5) - 9.47*x(23,6) - 8.68*x(23,7) - 4.68*x(23,8) - 4.25*x(23,9) - 5.91*x(23,10) - 5.49*x(23,11) - 5.77*x(23,12) - 3.41*x(23,13) - 3.95*x(23,14) - 5.27*x(23,15) - 2.59*x(23,16) - 6.96*x(23,17) - 7.49*x(23,18) - 6.31*x(23,19) - 5.96*x(23,20) - 12.2*x(23,21) - 2.7*x(23,22) - 999*x(23,23) - 7.04*x(23,24) - 1.83*x(23,25) - 9.35*x(23,26) - 15.55*x(23,27) - 1.1*x(23,28) - 8.5*x(23,29) - 23.89*x(23,30) - 5.1*x(23,31) - 6.24*x(23,32) - 7.63*x(23,33) - 12.14*x(23,34) - 7.57*x(23,35) - 9.98*x(23,36) - 10.89*x(23,37) - 6.89*x(23,38) - 9.81*x(23,39) - 16.47*x(23,40) - 3.24*x(24,1) - 5.28*x(24,2) - 11.64*x(24,3) - 20.66*x(24,4) - 6.17*x(24,5) - 5.31*x(24,6) - 1.74*x(24,7) - 4.85*x(24,8) - 7.38*x(24,9) - 2.81*x(24,10) - 1.6*x(24,11) - 12.61*x(24,12) - 6.52*x(24,13) - 5.69*x(24,14) - 3.5*x(24,15) - 5.74*x(24,16) - 3.82*x(24,17) - 1.08*x(24,18) - 12.72*x(24,19) - 2.65*x(24,20) - 17.11*x(24,21) - 5.62*x(24,22) - 7.04*x(24,23) - 999*x(24,24) - 7.95*x(24,25) - 16.29*x(24,26) - 20.78*x(24,27) - 7.25*x(24,28) - 10.37*x(24,29) - 20.37*x(24,30) - 10.96*x(24,31) - 2.21*x(24,32) - 9.76*x(24,33) - 17.5*x(24,34) - 4.7*x(24,35) - 15.72*x(24,36) - 16.63*x(24,37) - 10.34*x(24,38) - 16.75*x(24,39) - 21.57*x(24,40) - 4.71*x(25,1) - 8.83*x(25,2) - 6.59*x(25,3) - 17.15*x(25,4) - 4.05*x(25,5) - 9.32*x(25,6) - 9.67*x(25,7) - 4.41*x(25,8) - 6.06*x(25,9) - 7.34*x(25,10) - 6.54*x(25,11) - 4.7*x(25,12) - 5.24*x(25,13) - 5.75*x(25,14) - 6.81*x(25,15) - 2.41*x(25,16) - 6.95*x(25,17) - 8.58*x(25,18) - 4.83*x(25,19) - 7.37*x(25,20) - 10.4*x(25,21) - 2.55*x(25,22) - 1.83*x(25,23) - 7.95*x(25,24) - 999*x(25,25) - 9.2*x(25,26) - 16.45*x(25,27) - 2.84*x(25,28) - 6.98*x(25,29) - 25.67*x(25,30) - 6.18*x(25,31) - 7.58*x(25,32) - 6.11*x(25,33) - 10.39*x(25,34) - 9.21*x(25,35) - 10.81*x(25,36) - 9.21*x(25,37) - 5.17*x(25,38) - 9.65*x(25,39) - 17.4*x(25,40) - 13.24*x(26,1) - 14.51*x(26,2) - 13.07*x(26,3) - 11.49*x(26,4) - 10.28*x(26,5) - 18.52*x(26,6) - 17.83*x(26,7) - 13.6*x(26,8) - 10.25*x(26,9) - 14.55*x(26,10) - 14.69*x(26,11) - 5.52*x(26,12) - 10.48*x(26,13) - 11.48*x(26,14) - 13.73*x(26,15) - 11.53*x(26,16) - 16.11*x(26,17) - 16.57*x(26,18) - 7.03*x(26,19) - 14.65*x(26,20) - 12.56*x(26,21) - 11.66*x(26,22) - 9.35*x(26,23) - 16.29*x(26,24) - 9.2*x(26,25) - 999*x(26,26) - 9.83*x(26,27) - 9.04*x(26,28) - 14.63*x(26,29) - 29.04*x(26,30) - 6.22*x(26,31) - 15.05*x(26,32) - 13.93*x(26,33) - 11.54*x(26,34) - 15.32*x(26,35) - 5.48*x(26,36) - 9.94*x(26,37) - 12.3*x(26,38) - 0.46*x(26,39) - 10.81*x(26,40) - 18.64*x(27,1) - 16.65*x(27,2) - 22.02*x(27,3) - 2.23*x(27,4) - 15*x(27,5) - 24.77*x(27,6) - 21.79*x(27,7) - 20.2*x(27,8) - 13.4*x(27,9) - 18.17*x(27,10) - 19.3*x(27,11) - 14.63*x(27,12) - 14.31*x(27,13) - 15.09*x(27,14) - 17.36*x(27,15) - 18.14*x(27,16) - 22.26*x(27,17) - 20.54*x(27,18) - 16.33*x(27,19) - 18.32*x(27,20) - 22.36*x(27,21) - 18.25*x(27,22) - 15.55*x(27,23) - 20.78*x(27,24) - 16.45*x(27,25) - 9.83*x(27,26) - 999*x(27,27) - 14.64*x(27,28) - 23.13*x(27,29) - 25.54*x(27,30) - 10.45*x(27,31) - 18.8*x(27,32) - 22.32*x(27,33) - 21.38*x(27,34) - 17.59*x(27,35) - 5.64*x(27,36) - 19.77*x(27,37) - 20.94*x(27,38) - 9.7*x(27,39) - x(27,40) - 4.31*x(28,1) - 6.51*x(28,2) - 9.41*x(28,3) - 15.06*x(28,4) - 1.53*x(28,5) - 10.21*x(28,6) - 8.8*x(28,7) - 5.57*x(28,8) - 3.23*x(28,9) - 5.69*x(28,10) - 5.65*x(28,11) - 6.12*x(28,12) - 2.51*x(28,13) - 3.22*x(28,14) - 4.96*x(28,15) - 3.56*x(28,16) - 7.69*x(28,17) - 7.55*x(28,18) - 6.91*x(28,19) - 5.78*x(28,20) - 13.06*x(28,21) - 3.65*x(28,22) - 1.1*x(28,23) - 7.25*x(28,24) - 2.84*x(28,25) - 9.04*x(28,26) - 14.64*x(28,27) - 999*x(28,28) - 9.6*x(28,29) - 23.12*x(28,30) - 4.21*x(28,31) - 6.12*x(28,32) - 8.73*x(28,33) - 12.92*x(28,34) - 7.07*x(28,35) - 9.13*x(28,36) - 11.61*x(28,37) - 7.96*x(28,38) - 9.5*x(28,39) - 15.54*x(28,40) - 8.36*x(29,1) - 13.98*x(29,2) - 2.18*x(29,3) - 24.01*x(29,4) - 10.34*x(29,5) - 7.58*x(29,6) - 11.87*x(29,7) - 5.75*x(29,8) - 12.58*x(29,9) - 11.62*x(29,10) - 9.87*x(29,11) - 9.11*x(29,12) - 11.58*x(29,13) - 11.7*x(29,14) - 11.55*x(29,15) - 6.48*x(29,16) - 6.87*x(29,17) - 11.42*x(29,18) - 7.77*x(29,19) - 11.56*x(29,20) - 7.91*x(29,21) - 6.47*x(29,22) - 8.5*x(29,23) - 10.37*x(29,24) - 6.98*x(29,25) - 14.63*x(29,26) - 23.13*x(29,27) - 9.6*x(29,28) - 999*x(29,29) - 30.55*x(29,30) - 13.11*x(29,31) - 11.47*x(29,32) - 0.87*x(29,33) - 8.81*x(29,34) - 13.96*x(29,35) - 17.51*x(29,36) - 8.73*x(29,37) - 2.33*x(29,38) - 15.01*x(29,39) - 24.11*x(29,40) - 22.26*x(30,1) - 16.9*x(30,2) - 31.42*x(30,3) - 23.7*x(30,4) - 21.68*x(30,5) - 25.08*x(30,6) - 19.23*x(30,7) - 24.8*x(30,8) - 20.12*x(30,9) - 18.97*x(30,10) - 20.68*x(30,11) - 28.93*x(30,12) - 20.61*x(30,13) - 19.95*x(30,14) - 19.19*x(30,15) - 24.59*x(30,16) - 24.18*x(30,17) - 19.29*x(30,18) - 29.99*x(30,19) - 19.02*x(30,20) - 36.07*x(30,21) - 24.54*x(30,22) - 23.89*x(30,23) - 20.37*x(30,24) - 25.67*x(30,25) - 29.04*x(30,26) - 25.54*x(30,27) - 23.12*x(30,28) - 30.55*x(30,29) - 999*x(30,30) - 23.2*x(30,31) - 19.08*x(30,32) - 29.83*x(30,33) - 36.03*x(30,34) - 16.7*x(30,35) - 24.54*x(30,36) - 34.73*x(30,37) - 29.97*x(30,38) - 29.35*x(30,39) - 25.57*x(30,40) - 8.38*x(31,1) - 8.36*x(31,2) - 12.41*x(31,3) - 11*x(31,4) - 4.82*x(31,5) - 14.41*x(31,6) - 12.3*x(31,7) - 9.75*x(31,8) - 4.11*x(31,9) - 8.77*x(31,10) - 9.38*x(31,11) - 6.38*x(31,12) - 4.57*x(31,13) - 5.55*x(31,14) - 7.93*x(31,15) - 7.69*x(31,16) - 11.89*x(31,17) - 11*x(31,18) - 7.91*x(31,19) - 8.9*x(31,20) - 14.62*x(31,21) - 7.8*x(31,22) - 5.1*x(31,23) - 10.96*x(31,24) - 6.18*x(31,25) - 6.22*x(31,26) - 10.45*x(31,27) - 4.21*x(31,28) - 13.11*x(31,29) - 23.2*x(31,30) - 999*x(31,31) - 9.35*x(31,32) - 12.26*x(31,33) - 14.1*x(31,34) - 9.2*x(31,35) - 4.93*x(31,36) - 12.55*x(31,37) - 11.12*x(31,38) - 6.62*x(31,39) - 11.37*x(31,40) - 3.25*x(32,1) - 3.11*x(32,2) - 12.41*x(32,3) - 18.59*x(32,4) - 4.77*x(32,5) - 7.42*x(32,6) - 3*x(32,7) - 5.72*x(32,8) - 5.48*x(32,9) - 0.64*x(32,10) - 1.62*x(32,11) - 12.01*x(32,12) - 4.78*x(32,13) - 3.84*x(32,14) - 1.46*x(32,15) - 5.8*x(32,16) - 5.56*x(32,17) - 1.73*x(32,18) - 12.4*x(32,19) - 0.49*x(32,20) - 17.51*x(32,21) - 5.71*x(32,22) - 6.24*x(32,23) - 2.21*x(32,24) - 7.58*x(32,25) - 15.05*x(32,26) - 18.8*x(32,27) - 6.12*x(32,28) - 11.47*x(32,29) - 19.08*x(32,30) - 9.35*x(32,31) - 999*x(32,32) - 10.75*x(32,33) - 17.73*x(32,34) - 2.68*x(32,35) - 13.92*x(32,36) - 16.69*x(32,37) - 11*x(32,38) - 15.5*x(32,39) - 19.56*x(32,40) - 7.6*x(33,1) - 13.2*x(33,2) - 2.17*x(33,3) - 23.17*x(33,4) - 9.48*x(33,5) - 7.37*x(33,6) - 11.3*x(33,7) - 5.04*x(33,8) - 11.72*x(33,9) - 10.88*x(33,10) - 9.17*x(33,11) - 8.43*x(33,12) - 10.73*x(33,13) - 10.86*x(33,14) - 10.77*x(33,15) - 5.64*x(33,16) - 6.39*x(33,17) - 10.79*x(33,18) - 7.18*x(33,19) - 10.82*x(33,20) - 8.03*x(33,21) - 5.63*x(33,22) - 7.63*x(33,23) - 9.76*x(33,24) - 6.11*x(33,25) - 13.93*x(33,26) - 22.32*x(33,27) - 8.73*x(33,28) - 0.87*x(33,29) - 29.83*x(33,30) - 12.26*x(33,31) - 10.75*x(33,32) - 999*x(33,33) - 8.83*x(33,34) - 13.2*x(33,35) - 16.7*x(33,36) - 8.59*x(33,37) - 1.75*x(33,38) - 14.33*x(33,39) - 23.3*x(33,40) - 14.54*x(34,1) - 19.22*x(34,2) - 6.68*x(34,3) - 22.95*x(34,4) - 14.35*x(34,5) - 16.17*x(34,6) - 19.21*x(34,7) - 12.73*x(34,8) - 16.04*x(34,9) - 17.6*x(34,10) - 16.41*x(34,11) - 7.72*x(34,12) - 15.44*x(34,13) - 16.08*x(34,14) - 17.15*x(34,15) - 11.94*x(34,16) - 14.83*x(34,17) - 18.37*x(34,18) - 6.24*x(34,19) - 17.6*x(34,20) - 1.36*x(34,21) - 12.04*x(34,22) - 12.14*x(34,23) - 17.5*x(34,24) - 10.39*x(34,25) - 11.54*x(34,26) - 21.38*x(34,27) - 12.92*x(34,28) - 8.81*x(34,29) - 36.03*x(34,30) - 14.1*x(34,31) - 17.73*x(34,32) - 8.83*x(34,33) - 999*x(34,34) - 19.59*x(34,35) - 16.52*x(34,36) - 1.63*x(34,37) - 7.48*x(34,38) - 11.71*x(34,39) - 22.36*x(34,40) - 5.6*x(35,1) - 0.94*x(35,2) - 14.72*x(35,3) - 17.09*x(35,4) - 5.54*x(35,5) - 10.01*x(35,6) - 4.76*x(35,7) - 8.23*x(35,8) - 5.09*x(35,9) - 2.36*x(35,10) - 4.26*x(35,11) - 13.18*x(35,12) - 4.91*x(35,13) - 3.95*x(35,14) - 2.49*x(35,15) - 7.9*x(35,16) - 8.24*x(35,17) - 3.84*x(35,18) - 13.88*x(35,19) - 2.44*x(35,20) - 19.5*x(35,21) - 7.84*x(35,22) - 7.57*x(35,23) - 4.7*x(35,24) - 9.21*x(35,25) - 15.32*x(35,26) - 17.59*x(35,27) - 7.07*x(35,28) - 13.96*x(35,29) - 16.7*x(35,30) - 9.2*x(35,31) - 2.68*x(35,32) - 13.2*x(35,33) - 19.59*x(35,34) - 999*x(35,35) - 13.21*x(35,36) - 18.42*x(35,37) - 13.27*x(35,38) - 15.75*x(35,39) - 18.26*x(35,40) - 13.28*x(36,1) - 12.29*x(36,2) - 16.47*x(36,3) - 6.63*x(36,4) - 9.68*x(36,5) - 19.34*x(36,6) - 16.92*x(36,7) - 14.66*x(36,8) - 8.44*x(36,9) - 13.3*x(36,10) - 14.17*x(36,11) - 9.27*x(36,12) - 9.2*x(36,13) - 10.09*x(36,14) - 12.46*x(36,15) - 12.57*x(36,16) - 16.82*x(36,17) - 15.63*x(36,18) - 10.99*x(36,19) - 13.44*x(36,20) - 17.36*x(36,21) - 12.68*x(36,22) - 9.98*x(36,23) - 15.72*x(36,24) - 10.81*x(36,25) - 5.48*x(36,26) - 5.64*x(36,27) - 9.13*x(36,28) - 17.51*x(36,29) - 24.54*x(36,30) - 4.93*x(36,31) - 13.92*x(36,32) - 16.7*x(36,33) - 16.52*x(36,34) - 13.21*x(36,35) - 999*x(36,36) - 14.9*x(36,37) - 15.34*x(36,38) - 5.58*x(36,39) - 6.61*x(36,40) - 13.57*x(37,1) - 18*x(37,2) - 6.55*x(37,3) - 21.33*x(37,4) - 13.08*x(37,5) - 15.77*x(37,6) - 18.36*x(37,7) - 11.98*x(37,8) - 14.67*x(37,9) - 16.52*x(37,10) - 15.45*x(37,11) - 6.17*x(37,12) - 14.11*x(37,13) - 14.81*x(37,14) - 16.02*x(37,15) - 10.96*x(37,16) - 14.22*x(37,17) - 17.45*x(37,18) - 4.79*x(37,19) - 16.53*x(37,20) - 2.67*x(37,21) - 11.07*x(37,22) - 10.89*x(37,23) - 16.63*x(37,24) - 9.21*x(37,25) - 9.94*x(37,26) - 19.77*x(37,27) - 11.61*x(37,28) - 8.73*x(37,29) - 34.73*x(37,30) - 12.55*x(37,31) - 16.69*x(37,32) - 8.59*x(37,33) - 1.63*x(37,34) - 18.42*x(37,35) - 14.9*x(37,36) - 999*x(37,37) - 7.05*x(37,38) - 10.12*x(37,39) - 20.75*x(37,40) - 7.75*x(38,1) - 13.14*x(38,2) - 1.48*x(38,3) - 21.9*x(38,4) - 8.95*x(38,5) - 8.74*x(38,6) - 11.99*x(38,7) - 5.49*x(38,8) - 11.12*x(38,9) - 11.02*x(38,10) - 9.5*x(38,11) - 6.78*x(38,12) - 10.2*x(38,13) - 10.49*x(38,14) - 10.78*x(38,15) - 5.4*x(38,16) - 7.37*x(38,17) - 11.31*x(38,18) - 5.46*x(38,19) - 10.99*x(38,20) - 6.87*x(38,21) - 5.44*x(38,22) - 6.89*x(38,23) - 10.34*x(38,24) - 5.17*x(38,25) - 12.3*x(38,26) - 20.94*x(38,27) - 7.96*x(38,28) - 2.33*x(38,29) - 29.97*x(38,30) - 11.12*x(38,31) - 11*x(38,32) - 1.75*x(38,33) - 7.48*x(38,34) - 13.27*x(38,35) - 15.34*x(38,36) - 7.05*x(38,37) - 999*x(38,38) - 12.68*x(38,39) - 21.92*x(38,40) - 13.7*x(39,1) - 14.93*x(39,2) - 13.43*x(39,3) - 11.42*x(39,4) - 10.74*x(39,5) - 18.97*x(39,6) - 18.28*x(39,7) - 14.06*x(39,8) - 10.67*x(39,9) - 14.99*x(39,10) - 15.15*x(39,11) - 5.9*x(39,12) - 10.92*x(39,13) - 11.92*x(39,14) - 14.18*x(39,15) - 11.98*x(39,16) - 16.57*x(39,17) - 17.02*x(39,18) - 7.37*x(39,19) - 15.1*x(39,20) - 12.75*x(39,21) - 12.12*x(39,22) - 9.81*x(39,23) - 16.75*x(39,24) - 9.65*x(39,25) - 0.46*x(39,26) - 9.7*x(39,27) - 9.5*x(39,28) - 15.01*x(39,29) - 29.35*x(39,30) - 6.62*x(39,31) - 15.5*x(39,32) - 14.33*x(39,33) - 11.71*x(39,34) - 15.75*x(39,35) - 5.58*x(39,36) - 10.12*x(39,37) - 12.68*x(39,38) - 999*x(39,39) - 10.67*x(39,40) - 19.49*x(40,1) - 17.33*x(40,2) - 23.01*x(40,3) - 1.89*x(40,4) - 15.85*x(40,5) - 25.64*x(40,6) - 22.53*x(40,7) - 21.11*x(40,8) - 14.2*x(40,9) - 18.92*x(40,10) - 20.11*x(40,11) - 15.63*x(40,12) - 15.13*x(40,13) - 15.88*x(40,14) - 18.12*x(40,15) - 19.06*x(40,16) - 23.14*x(40,17) - 21.29*x(40,18) - 17.33*x(40,19) - 19.08*x(40,20) - 23.35*x(40,21) - 19.16*x(40,22) - 16.47*x(40,23) - 21.57*x(40,24) - 17.4*x(40,25) - 10.81*x(40,26) - x(40,27) - 15.54*x(40,28) - 24.11*x(40,29) - 25.57*x(40,30) - 11.37*x(40,31) - 19.56*x(40,32) - 23.3*x(40,33) - 22.36*x(40,34) - 18.26*x(40,35) - 6.61*x(40,36) - 20.75*x(40,37) - 21.92*x(40,38) - 10.67*x(40,39) - 999*x(40,40) =E= 0 ; (LHS = 0)
     

---- r1  =E=  

r1(1)..  x(1,1) + x(2,1) + x(3,1) + x(4,1) + x(5,1) + x(6,1) + x(7,1) + x(8,1) + x(9,1) + x(10,1) + x(11,1) + x(12,1) + x(13,1) + x(14,1) + x(15,1) + x(16,1) + x(17,1) + x(18,1) + x(19,1) + x(20,1) + x(21,1) + x(22,1) + x(23,1) + x(24,1) + x(25,1) + x(26,1) + x(27,1) + x(28,1) + x(29,1) + x(30,1) + x(31,1) + x(32,1) + x(33,1) + x(34,1) + x(35,1) + x(36,1) + x(37,1) + x(38,1) + x(39,1) + x(40,1) =E= 1 ; (LHS = 0, INFES = 1 ****)
     
r1(2)..  x(1,2) + x(2,2) + x(3,2) + x(4,2) + x(5,2) + x(6,2) + x(7,2) + x(8,2) + x(9,2) + x(10,2) + x(11,2) + x(12,2) + x(13,2) + x(14,2) + x(15,2) + x(16,2) + x(17,2) + x(18,2) + x(19,2) + x(20,2) + x(21,2) + x(22,2) + x(23,2) + x(24,2) + x(25,2) + x(26,2) + x(27,2) + x(28,2) + x(29,2) + x(30,2) + x(31,2) + x(32,2) + x(33,2) + x(34,2) + x(35,2) + x(36,2) + x(37,2) + x(38,2) + x(39,2) + x(40,2) =E= 1 ; (LHS = 0, INFES = 1 ****)
     
r1(3)..  x(1,3) + x(2,3) + x(3,3) + x(4,3) + x(5,3) + x(6,3) + x(7,3) + x(8,3) + x(9,3) + x(10,3) + x(11,3) + x(12,3) + x(13,3) + x(14,3) + x(15,3) + x(16,3) + x(17,3) + x(18,3) + x(19,3) + x(20,3) + x(21,3) + x(22,3) + x(23,3) + x(24,3) + x(25,3) + x(26,3) + x(27,3) + x(28,3) + x(29,3) + x(30,3) + x(31,3) + x(32,3) + x(33,3) + x(34,3) + x(35,3) + x(36,3) + x(37,3) + x(38,3) + x(39,3) + x(40,3) =E= 1 ; (LHS = 0, INFES = 1 ****)
     
REMAINING 37 ENTRIES SKIPPED


---- r2  =E=  

r2(1)..  x(1,1) + x(1,2) + x(1,3) + x(1,4) + x(1,5) + x(1,6) + x(1,7) + x(1,8) + x(1,9) + x(1,10) + x(1,11) + x(1,12) + x(1,13) + x(1,14) + x(1,15) + x(1,16) + x(1,17) + x(1,18) + x(1,19) + x(1,20) + x(1,21) + x(1,22) + x(1,23) + x(1,24) + x(1,25) + x(1,26) + x(1,27) + x(1,28) + x(1,29) + x(1,30) + x(1,31) + x(1,32) + x(1,33) + x(1,34) + x(1,35) + x(1,36) + x(1,37) + x(1,38) + x(1,39) + x(1,40) =E= 1 ; (LHS = 0, INFES = 1 ****)
     
r2(2)..  x(2,1) + x(2,2) + x(2,3) + x(2,4) + x(2,5) + x(2,6) + x(2,7) + x(2,8) + x(2,9) + x(2,10) + x(2,11) + x(2,12) + x(2,13) + x(2,14) + x(2,15) + x(2,16) + x(2,17) + x(2,18) + x(2,19) + x(2,20) + x(2,21) + x(2,22) + x(2,23) + x(2,24) + x(2,25) + x(2,26) + x(2,27) + x(2,28) + x(2,29) + x(2,30) + x(2,31) + x(2,32) + x(2,33) + x(2,34) + x(2,35) + x(2,36) + x(2,37) + x(2,38) + x(2,39) + x(2,40) =E= 1 ; (LHS = 0, INFES = 1 ****)
     
r2(3)..  x(3,1) + x(3,2) + x(3,3) + x(3,4) + x(3,5) + x(3,6) + x(3,7) + x(3,8) + x(3,9) + x(3,10) + x(3,11) + x(3,12) + x(3,13) + x(3,14) + x(3,15) + x(3,16) + x(3,17) + x(3,18) + x(3,19) + x(3,20) + x(3,21) + x(3,22) + x(3,23) + x(3,24) + x(3,25) + x(3,26) + x(3,27) + x(3,28) + x(3,29) + x(3,30) + x(3,31) + x(3,32) + x(3,33) + x(3,34) + x(3,35) + x(3,36) + x(3,37) + x(3,38) + x(3,39) + x(3,40) =E= 1 ; (LHS = 0, INFES = 1 ****)
     
REMAINING 37 ENTRIES SKIPPED


---- r3  =L=  

r3(2,3)..  u(2) - u(3) + 40*x(2,3) =L= 39 ; (LHS = 0)
     
r3(2,4)..  u(2) - u(4) + 40*x(2,4) =L= 39 ; (LHS = 0)
     
r3(2,5)..  u(2) - u(5) + 40*x(2,5) =L= 39 ; (LHS = 0)
     
REMAINING 1479 ENTRIES SKIPPED

GAMS 46.5.0  a671108d May 8, 2024           WEX-WEI x86 64bit/MS Windows - 09/07/24 13:02:30 Page 4
G e n e r a l   A l g e b r a i c   M o d e l i n g   S y s t e m
Column Listing      SOLVE transpor_1 Using MIP From line 65


---- z  

z
                (.LO, .L, .UP, .M = -INF, 0, +INF, 0)
        1       Obj


---- u  

u(2)
                (.LO, .L, .UP, .M = 0, 0, +INF, 0)
        1       r3(2,3)
        1       r3(2,4)
        1       r3(2,5)
        1       r3(2,6)
        1       r3(2,7)
        1       r3(2,8)
        1       r3(2,9)
        1       r3(2,10)
        1       r3(2,11)
        1       r3(2,12)
