GAMS 46.5.0  a671108d May 8, 2024           WEX-WEI x86 64bit/MS Windows - 09/07/24 13:02:45 Page 1
G e n e r a l   A l g e b r a i c   M o d e l i n g   S y s t e m
C o m p i l a t i o n


   1  *Cambia el número de i dependiendo de la cantidad de nodos que tengas en el problema
   2  Set
   3  i /1*40/;
   4  alias (i,j);
   5  *Cambia el nombre del csv que estes usando
   6  Table c(i,j)
INCLUDE    C:\Users\progra.DESKTOP-GV4Q93K\Documents\Vstudio\Geneticos\retointegrador\dist_matrix5.csv
   9  ,1,2,3,4,5,6,7,8,9,10,11,12,13,14,15,16,17,18,19,20,21,22,23,24,25,26,27,28,29,30,31,32,33,34,35,36,37,38,39,40
  10  1,999.0,10.42,0.32,14.14,15.36,18.25,4.61,0.9,13.97,12.45,12.3,17.76,13.8,2.03,19.38,11.08,21.87,10.73,3.29,19.22,4.5,2.01,8.05,11.32,10.74,6.81,9.25,4.99,16.45,3.09,19.64,21.69,13.82,12.39,7.62,6.68,12.11,1.91,5.38,5.37
  11  2,10.42,999.0,10.15,3.89,5.48,13.17,11.66,10.71,9.35,9.78,2.58,13.5,6.94,11.16,12.75,9.77,13.49,6.51,7.93,11.66,12.12,9.12,3.04,8.35,7.09,5.39,1.82,6.12,6.89,7.33,10.42,11.74,5.73,2.55,5.07,5.5,10.57,12.2,5.53,5.61
  12  3,0.32,10.15,999.0,13.86,15.06,18.17,4.79,1.16,13.88,12.41,12.0,17.71,13.64,2.27,19.26,11.06,21.56,10.41,3.17,19.07,4.72,1.71,7.75,11.24,10.64,6.65,8.96,4.81,16.14,2.83,19.33,21.38,13.63,12.1,7.31,6.52,12.09,2.23,5.07,5.17
  13  4,14.14,3.89,13.86,999.0,1.84,14.33,15.55,14.5,11.31,12.39,2.02,14.99,8.34,15.01,13.14,12.77,10.22,7.31,11.81,11.58,16.02,12.66,6.22,11.14,9.94,9.21,4.92,10.02,3.37,11.07,6.85,7.86,6.68,1.87,7.63,9.32,13.39,15.97,8.95,9.5
  14  5,15.36,5.48,15.06,1.84,999.0,15.98,17.11,15.79,13.11,14.23,3.1,16.7,10.1,16.38,14.61,14.61,8.37,7.24,13.26,12.96,17.55,13.75,7.32,12.98,11.79,10.87,6.13,11.53,1.52,12.34,5.03,6.35,8.41,3.04,8.35,10.98,15.24,17.23,10.04,11.01
  15  6,18.25,13.17,18.17,14.33,15.98,999.0,15.59,17.83,4.37,5.91,14.88,1.36,6.24,17.36,2.83,7.49,23.9,19.67,15.03,4.59,16.17,18.37,15.44,6.93,7.65,11.94,14.72,13.77,17.37,16.2,20.3,19.53,7.72,14.72,17.55,12.04,6.68,19.03,16.47,13.65
  16  7,4.61,11.66,4.79,15.55,17.11,15.59,999.0,3.73,11.68,9.69,14.05,14.83,12.52,2.66,17.26,8.1,24.57,14.11,4.06,17.56,0.6,6.27,10.29,8.98,8.91,6.5,11.15,5.59,18.43,5.69,21.87,23.4,13.11,14.08,10.75,6.37,8.97,4.1,8.24,6.1
  17  8,0.9,10.71,1.16,14.5,15.79,17.83,3.73,999.0,13.6,11.98,12.7,17.28,13.62,1.13,19.07,10.55,22.5,11.45,3.12,19.0,3.6,2.84,8.51,10.91,10.42,6.69,9.66,4.97,16.93,3.45,20.18,22.13,13.76,12.79,8.27,6.55,11.56,1.51,5.92,5.4
  18  9,13.97,9.35,13.88,11.31,13.11,4.37,11.68,13.6,999.0,2.32,11.41,4.28,3.08,13.21,5.58,3.87,21.4,15.72,10.71,6.07,12.28,14.02,11.3,2.73,3.28,7.57,10.73,9.41,14.6,11.83,17.87,17.75,4.79,11.28,13.36,7.67,3.54,14.86,12.14,9.29
  19  10,12.45,9.78,12.41,12.39,14.23,5.91,9.69,11.98,2.32,999.0,12.12,5.31,4.82,11.46,7.69,1.63,22.6,15.78,9.32,8.36,10.28,12.78,11.16,1.5,2.73,6.66,10.85,8.32,15.75,10.69,19.16,19.35,6.38,12.02,13.07,6.72,1.26,13.14,11.48,8.32
  20  11,12.3,2.58,12.0,2.02,3.1,14.88,14.05,12.7,11.41,12.12,999.0,15.38,8.67,13.28,14.04,12.25,10.91,5.56,10.17,12.67,14.47,10.74,4.28,10.75,9.5,7.93,3.05,8.46,4.38,9.26,7.88,9.45,7.17,0.19,5.61,8.03,12.99,14.16,7.02,7.95
  21  12,17.76,13.5,17.71,14.99,16.7,1.36,14.83,17.28,4.28,5.31,15.38,999.0,6.71,16.74,4.19,6.78,24.76,19.94,14.6,5.91,15.4,18.03,15.57,6.53,7.43,11.71,14.95,13.48,18.13,15.89,21.17,20.55,8.32,15.23,17.64,11.79,5.86,18.42,16.38,13.42
  22  13,13.8,6.94,13.64,8.34,10.1,6.24,12.52,13.62,3.08,4.82,8.67,6.71,999.0,13.48,6.02,5.94,18.35,13.45,10.52,5.45,13.11,13.4,9.39,4.21,3.7,7.0,8.55,8.86,11.58,11.19,14.81,14.68,1.72,8.52,11.54,7.12,6.06,15.03,10.83,8.58
  23  14,2.03,11.16,2.27,15.01,16.38,17.36,2.66,1.13,13.21,11.46,13.28,16.74,13.48,999.0,18.74,9.97,23.32,12.39,3.28,18.79,2.48,3.92,9.18,10.49,10.13,6.71,10.25,5.17,17.57,4.13,20.89,22.73,13.76,13.35,9.14,6.57,10.94,1.68,6.71,5.65
  24  15,19.38,12.75,19.26,13.14,14.61,2.83,17.26,19.07,5.58,7.69,14.04,4.19,6.02,18.74,999.0,9.32,22.13,19.22,16.09,1.98,17.86,19.22,15.38,8.3,8.65,12.72,14.46,14.6,15.9,17.0,18.55,17.45,7.02,13.86,17.53,12.83,8.72,20.38,16.84,14.39
  25  16,11.08,9.77,11.06,12.77,14.61,7.49,8.1,10.55,3.87,1.63,12.25,6.78,5.94,9.97,9.32,999.0,22.97,15.39,8.05,9.94,8.68,11.57,10.71,1.77,2.84,5.83,10.6,7.29,16.13,9.57,19.61,20.05,7.31,12.17,12.48,5.87,1.07,11.65,10.65,7.38
  26  17,21.87,13.49,21.56,10.22,8.37,23.9,24.57,22.5,21.4,22.6,10.91,24.76,18.35,23.32,22.13,22.97,999.0,11.38,20.53,20.28,24.92,19.97,14.28,21.35,20.15,18.79,13.49,19.05,6.85,19.19,3.6,5.57,16.63,10.95,14.25,18.88,23.61,23.78,16.6,18.56
  27  18,10.73,6.51,10.41,7.31,7.24,19.67,14.11,11.45,15.72,15.78,5.56,19.94,13.45,12.39,19.22,15.39,11.38,999.0,10.11,18.02,14.35,8.75,4.69,14.29,13.06,9.79,5.0,9.16,7.52,8.44,9.82,12.56,12.21,5.75,3.37,9.81,16.34,12.6,5.88,8.78
  28  19,3.29,7.93,3.17,11.81,13.26,15.03,4.06,3.12,10.71,9.32,10.17,14.6,10.52,3.28,16.09,8.05,20.53,10.11,999.0,15.93,4.39,3.54,6.25,8.1,7.47,3.57,7.19,1.9,14.51,1.88,17.91,19.6,10.63,10.22,6.74,3.43,9.11,4.6,4.23,2.38
  29  20,19.22,11.66,19.07,11.58,12.96,4.59,17.56,19.0,6.07,8.36,12.67,5.91,5.45,18.79,1.98,9.94,20.28,18.02,15.93,999.0,18.16,18.85,14.46,8.63,8.69,12.43,13.44,14.3,14.18,16.64,16.71,15.5,6.0,12.48,16.61,12.56,9.52,20.38,16.18,14.03
  30  21,4.5,12.12,4.72,16.02,17.55,16.17,0.6,3.6,12.28,10.28,14.47,15.4,13.11,2.48,17.86,8.68,24.92,14.35,4.39,18.16,999.0,6.27,10.65,9.58,9.51,7.02,11.54,6.02,18.85,5.91,22.27,23.86,13.7,14.51,11.01,6.89,9.54,3.76,8.5,6.53
  31  22,2.01,9.12,1.71,12.66,13.75,18.37,6.27,2.84,14.02,12.78,10.74,18.03,13.4,3.92,19.22,11.57,19.97,8.75,3.54,18.85,6.27,999.0,6.46,11.5,10.74,6.5,7.74,4.63,14.75,2.22,17.85,20.02,13.18,10.85,5.74,6.39,12.64,3.86,3.72,4.83
  32  23,8.05,3.04,7.75,6.22,7.32,15.44,10.29,8.51,11.3,11.16,4.28,15.57,9.39,9.18,15.38,10.71,14.28,4.69,6.25,14.46,10.65,6.46,999.0,9.66,8.46,5.15,1.34,4.85,8.42,5.07,11.71,13.64,8.47,4.39,2.15,5.18,11.67,9.93,2.74,4.39
  33  24,11.32,8.35,11.24,11.14,12.98,6.93,8.98,10.91,2.73,1.5,10.75,6.53,4.21,10.49,8.3,1.77,21.35,14.29,8.1,8.63,9.58,11.5,9.66,999.0,1.26,5.24,9.37,6.96,14.5,9.37,17.95,18.31,5.54,10.65,11.58,5.31,2.26,12.15,10.02,6.92
  34  25,10.74,7.09,10.64,9.94,11.79,7.65,8.91,10.42,3.28,2.73,9.5,7.43,3.7,10.13,8.65,2.84,20.15,13.06,7.47,8.69,9.51,10.74,8.46,1.26,999.0,4.3,8.13,6.12,13.31,8.55,16.78,17.24,4.73,9.41,10.41,4.39,3.5,11.75,8.97,6.01
  35  26,6.81,5.39,6.65,9.21,10.87,11.94,6.5,6.69,7.57,6.66,7.93,11.71,7.0,6.71,12.72,5.83,18.79,9.79,3.57,12.43,7.02,6.5,5.15,5.24,4.3,999.0,5.44,1.88,12.28,4.29,15.81,17.06,7.07,7.93,6.7,0.14,6.87,8.15,4.83,1.71
  36  27,9.25,1.82,8.96,4.92,6.13,14.72,11.15,9.66,10.73,10.85,3.05,14.95,8.55,10.25,14.46,10.6,13.49,5.0,7.19,13.44,11.54,7.74,1.34,9.37,8.13,5.44,999.0,5.58,7.33,6.21,10.73,12.48,7.47,3.14,3.26,5.5,11.49,11.11,4.04,5.08
  37  28,4.99,6.12,4.81,10.02,11.53,13.77,5.59,4.97,9.41,8.32,8.46,13.48,8.86,5.17,14.6,7.29,19.05,9.16,1.9,14.3,6.02,4.63,4.85,6.96,6.12,1.88,5.58,999.0,12.84,2.43,16.29,17.84,8.83,8.5,5.85,1.77,8.36,6.47,3.56,0.51
  38  29,16.45,6.89,16.14,3.37,1.52,17.37,18.43,16.93,14.6,15.75,4.38,18.13,11.58,17.57,15.9,16.13,6.85,7.52,14.51,14.18,18.85,14.75,8.42,14.5,13.31,12.28,7.33,12.84,999.0,13.49,3.54,5.28,9.88,4.37,9.17,12.38,16.76,18.34,11.08,12.33
  39  30,3.09,7.33,2.83,11.07,12.34,16.2,5.69,3.45,11.83,10.69,9.26,15.89,11.19,4.13,17.0,9.57,19.19,8.44,1.88,16.64,5.91,2.22,5.07,9.37,8.55,4.29,6.21,2.43,13.49,999.0,16.77,18.69,11.01,9.34,5.1,4.18,10.64,4.9,2.61,2.62
  40  31,19.64,10.42,19.33,6.85,5.03,20.3,21.87,20.18,17.87,19.16,7.88,21.17,14.81,20.89,18.55,19.61,3.6,9.82,17.91,16.71,22.27,17.85,11.71,17.95,16.78,15.81,10.73,16.29,3.54,16.77,999.0,3.21,13.09,7.88,12.14,15.91,20.2,21.55,14.27,15.78
  41  32,21.69,11.74,21.38,7.86,6.35,19.53,23.4,22.13,17.75,19.35,9.45,20.55,14.68,22.73,17.45,20.05,5.57,12.56,19.6,15.5,23.86,20.02,13.64,18.31,17.24,17.06,12.48,17.84,5.28,18.69,3.21,999.0,13.0,9.38,14.45,17.17,20.49,23.57,16.33,17.33
  42  33,13.82,5.73,13.63,6.68,8.41,7.72,13.11,13.76,4.79,6.38,7.17,8.32,1.72,13.76,7.02,7.31,16.63,12.21,10.63,6.0,13.7,13.18,8.47,5.54,4.73,7.07,7.47,8.83,9.88,11.01,13.09,13.0,999.0,7.0,10.61,7.21,7.58,15.22,10.26,8.47
  43  34,12.39,2.55,12.1,1.87,3.04,14.72,14.08,12.79,11.28,12.02,0.19,15.23,8.52,13.35,13.86,12.17,10.95,5.75,10.22,12.48,14.51,10.85,4.39,10.65,9.41,7.93,3.14,8.5,4.37,9.34,7.88,9.38,7.0,999.0,5.77,8.03,12.9,14.24,7.13,7.98
  44  35,7.62,5.07,7.31,7.63,8.35,17.55,10.75,8.27,13.36,13.07,5.61,17.64,11.54,9.14,17.53,12.48,14.25,3.37,6.74,16.61,11.01,5.74,2.15,11.58,10.41,6.7,3.26,5.85,9.17,5.1,12.14,14.45,10.61,5.77,999.0,6.7,13.48,9.53,2.51,5.5
  45  36,6.68,5.5,6.52,9.32,10.98,12.04,6.37,6.55,7.67,6.72,8.03,11.79,7.12,6.57,12.83,5.87,18.88,9.81,3.43,12.56,6.89,6.39,5.18,5.31,4.39,0.14,5.5,1.77,12.38,4.18,15.91,17.17,7.21,8.03,6.7,999.0,6.91,8.01,4.79,1.62
  46  37,12.11,10.57,12.09,13.39,15.24,6.68,8.97,11.56,3.54,1.26,12.99,5.86,6.06,10.94,8.72,1.07,23.61,16.34,9.11,9.52,9.54,12.64,11.67,2.26,3.5,6.87,11.49,8.36,16.76,10.64,20.2,20.49,7.58,12.9,13.48,6.91,999.0,12.62,11.7,8.43
  47  38,1.91,12.2,2.23,15.97,17.23,19.03,4.1,1.51,14.86,13.14,14.16,18.42,15.03,1.68,20.38,11.65,23.78,12.6,4.6,20.38,3.76,3.86,9.93,12.15,11.75,8.15,11.11,6.47,18.34,4.9,21.55,23.57,15.22,14.24,9.53,8.01,12.62,999.0,7.28,6.9
  48  39,5.38,5.53,5.07,8.95,10.04,16.47,8.24,5.92,12.14,11.48,7.02,16.38,10.83,6.71,16.84,10.65,16.6,5.88,4.23,16.18,8.5,3.72,2.74,10.02,8.97,4.83,4.04,3.56,11.08,2.61,14.27,16.33,10.26,7.13,2.51,4.79,11.7,7.28,999.0,3.33
  49  40,5.37,5.61,5.17,9.5,11.01,13.65,6.1,5.4,9.29,8.32,7.95,13.42,8.58,5.65,14.39,7.38,18.56,8.78,2.38,14.03,6.53,4.83,4.39,6.92,6.01,1.71,5.08,0.51,12.33,2.62,15.78,17.33,8.47,7.98,5.5,1.62,8.43,6.9,3.33,999.0
  51   
  52  variable z;
  53  positive Variable u(i);
  54  binary variable x(i,j);
  55   
  56  Equations
  57  Obj, r1, r2, r3;
  58   
  59  Obj.. z=E=sum((i,j),c(i,j)*x(i,j));
  60  r1(j).. sum(i,x(i,j))=E=1;
  61  r2(i).. sum(j,x(i,j))=E=1;
  62  r3(i,j)$(ord(i)>1 and ord(j)>1 and ord(i)<>ord(j)).. u(i)-u(j)+card(i)*x(i,j)=l=card(i)-1
  63   
  64  model transpor_1 /all/;
  65  solve transpor_1 using MIP minimizing z;
  66   
  67   
  68   
GAMS 46.5.0  a671108d May 8, 2024           WEX-WEI x86 64bit/MS Windows - 09/07/24 13:02:45 Page 2
G e n e r a l   A l g e b r a i c   M o d e l i n g   S y s t e m
Include File Summary


   SEQ   GLOBAL TYPE      PARENT   LOCAL  FILENAME

     1        1 INPUT          0       0  C:\Users\progra.DESKTOP-GV4Q93K\Documents\Vstudio\Geneticos\retointegrador\reto6.gms
     2        8 INCLUDE        1       8  .C:\Users\progra.DESKTOP-GV4Q93K\Documents\Vstudio\Geneticos\retointegrador\dist_matrix5.csv


COMPILATION TIME     =        0.437 SECONDS      3 MB  46.5.0 a671108d WEX-WEI
GAMS 46.5.0  a671108d May 8, 2024           WEX-WEI x86 64bit/MS Windows - 09/07/24 13:02:45 Page 3
G e n e r a l   A l g e b r a i c   M o d e l i n g   S y s t e m
Equation Listing    SOLVE transpor_1 Using MIP From line 65


---- Obj  =E=  

Obj..  z - 999*x(1,1) - 10.42*x(1,2) - 0.32*x(1,3) - 14.14*x(1,4) - 15.36*x(1,5) - 18.25*x(1,6) - 4.61*x(1,7) - 0.9*x(1,8) - 13.97*x(1,9) - 12.45*x(1,10) - 12.3*x(1,11) - 17.76*x(1,12) - 13.8*x(1,13) - 2.03*x(1,14) - 19.38*x(1,15) - 11.08*x(1,16) - 21.87*x(1,17) - 10.73*x(1,18) - 3.29*x(1,19) - 19.22*x(1,20) - 4.5*x(1,21) - 2.01*x(1,22) - 8.05*x(1,23) - 11.32*x(1,24) - 10.74*x(1,25) - 6.81*x(1,26) - 9.25*x(1,27) - 4.99*x(1,28) - 16.45*x(1,29) - 3.09*x(1,30) - 19.64*x(1,31) - 21.69*x(1,32) - 13.82*x(1,33) - 12.39*x(1,34) - 7.62*x(1,35) - 6.68*x(1,36) - 12.11*x(1,37) - 1.91*x(1,38) - 5.38*x(1,39) - 5.37*x(1,40) - 10.42*x(2,1) - 999*x(2,2) - 10.15*x(2,3) - 3.89*x(2,4) - 5.48*x(2,5) - 13.17*x(2,6) - 11.66*x(2,7) - 10.71*x(2,8) - 9.35*x(2,9) - 9.78*x(2,10) - 2.58*x(2,11) - 13.5*x(2,12) - 6.94*x(2,13) - 11.16*x(2,14) - 12.75*x(2,15) - 9.77*x(2,16) - 13.49*x(2,17) - 6.51*x(2,18) - 7.93*x(2,19) - 11.66*x(2,20) - 12.12*x(2,21) - 9.12*x(2,22) - 3.04*x(2,23) - 8.35*x(2,24) - 7.09*x(2,25) - 5.39*x(2,26) - 1.82*x(2,27) - 6.12*x(2,28) - 6.89*x(2,29) - 7.33*x(2,30) - 10.42*x(2,31) - 11.74*x(2,32) - 5.73*x(2,33) - 2.55*x(2,34) - 5.07*x(2,35) - 5.5*x(2,36) - 10.57*x(2,37) - 12.2*x(2,38) - 5.53*x(2,39) - 5.61*x(2,40) - 0.32*x(3,1) - 10.15*x(3,2) - 999*x(3,3) - 13.86*x(3,4) - 15.06*x(3,5) - 18.17*x(3,6) - 4.79*x(3,7) - 1.16*x(3,8) - 13.88*x(3,9) - 12.41*x(3,10) - 12*x(3,11) - 17.71*x(3,12) - 13.64*x(3,13) - 2.27*x(3,14) - 19.26*x(3,15) - 11.06*x(3,16) - 21.56*x(3,17) - 10.41*x(3,18) - 3.17*x(3,19) - 19.07*x(3,20) - 4.72*x(3,21) - 1.71*x(3,22) - 7.75*x(3,23) - 11.24*x(3,24) - 10.64*x(3,25) - 6.65*x(3,26) - 8.96*x(3,27) - 4.81*x(3,28) - 16.14*x(3,29) - 2.83*x(3,30) - 19.33*x(3,31) - 21.38*x(3,32) - 13.63*x(3,33) - 12.1*x(3,34) - 7.31*x(3,35) - 6.52*x(3,36) - 12.09*x(3,37) - 2.23*x(3,38) - 5.07*x(3,39) - 5.17*x(3,40) - 14.14*x(4,1) - 3.89*x(4,2) - 13.86*x(4,3) - 999*x(4,4) - 1.84*x(4,5) - 14.33*x(4,6) - 15.55*x(4,7) - 14.5*x(4,8) - 11.31*x(4,9) - 12.39*x(4,10) - 2.02*x(4,11) - 14.99*x(4,12) - 8.34*x(4,13) - 15.01*x(4,14) - 13.14*x(4,15) - 12.77*x(4,16) - 10.22*x(4,17) - 7.31*x(4,18) - 11.81*x(4,19) - 11.58*x(4,20) - 16.02*x(4,21) - 12.66*x(4,22) - 6.22*x(4,23) - 11.14*x(4,24) - 9.94*x(4,25) - 9.21*x(4,26) - 4.92*x(4,27) - 10.02*x(4,28) - 3.37*x(4,29) - 11.07*x(4,30) - 6.85*x(4,31) - 7.86*x(4,32) - 6.68*x(4,33) - 1.87*x(4,34) - 7.63*x(4,35) - 9.32*x(4,36) - 13.39*x(4,37) - 15.97*x(4,38) - 8.95*x(4,39) - 9.5*x(4,40) - 15.36*x(5,1) - 5.48*x(5,2) - 15.06*x(5,3) - 1.84*x(5,4) - 999*x(5,5) - 15.98*x(5,6) - 17.11*x(5,7) - 15.79*x(5,8) - 13.11*x(5,9) - 14.23*x(5,10) - 3.1*x(5,11) - 16.7*x(5,12) - 10.1*x(5,13) - 16.38*x(5,14) - 14.61*x(5,15) - 14.61*x(5,16) - 8.37*x(5,17) - 7.24*x(5,18) - 13.26*x(5,19) - 12.96*x(5,20) - 17.55*x(5,21) - 13.75*x(5,22) - 7.32*x(5,23) - 12.98*x(5,24) - 11.79*x(5,25) - 10.87*x(5,26) - 6.13*x(5,27) - 11.53*x(5,28) - 1.52*x(5,29) - 12.34*x(5,30) - 5.03*x(5,31) - 6.35*x(5,32) - 8.41*x(5,33) - 3.04*x(5,34) - 8.35*x(5,35) - 10.98*x(5,36) - 15.24*x(5,37) - 17.23*x(5,38) - 10.04*x(5,39) - 11.01*x(5,40) - 18.25*x(6,1) - 13.17*x(6,2) - 18.17*x(6,3) - 14.33*x(6,4) - 15.98*x(6,5) - 999*x(6,6) - 15.59*x(6,7) - 17.83*x(6,8) - 4.37*x(6,9) - 5.91*x(6,10) - 14.88*x(6,11) - 1.36*x(6,12) - 6.24*x(6,13) - 17.36*x(6,14) - 2.83*x(6,15) - 7.49*x(6,16) - 23.9*x(6,17) - 19.67*x(6,18) - 15.03*x(6,19) - 4.59*x(6,20) - 16.17*x(6,21) - 18.37*x(6,22) - 15.44*x(6,23) - 6.93*x(6,24) - 7.65*x(6,25) - 11.94*x(6,26) - 14.72*x(6,27) - 13.77*x(6,28) - 17.37*x(6,29) - 16.2*x(6,30) - 20.3*x(6,31) - 19.53*x(6,32) - 7.72*x(6,33) - 14.72*x(6,34) - 17.55*x(6,35) - 12.04*x(6,36) - 6.68*x(6,37) - 19.03*x(6,38) - 16.47*x(6,39) - 13.65*x(6,40) - 4.61*x(7,1) - 11.66*x(7,2) - 4.79*x(7,3) - 15.55*x(7,4) - 17.11*x(7,5) - 15.59*x(7,6) - 999*x(7,7) - 3.73*x(7,8) - 11.68*x(7,9) - 9.69*x(7,10) - 14.05*x(7,11) - 14.83*x(7,12) - 12.52*x(7,13) - 2.66*x(7,14) - 17.26*x(7,15) - 8.1*x(7,16) - 24.57*x(7,17) - 14.11*x(7,18) - 4.06*x(7,19) - 17.56*x(7,20) - 0.6*x(7,21) - 6.27*x(7,22) - 10.29*x(7,23) - 8.98*x(7,24) - 8.91*x(7,25) - 6.5*x(7,26) - 11.15*x(7,27) - 5.59*x(7,28) - 18.43*x(7,29) - 5.69*x(7,30) - 21.87*x(7,31) - 23.4*x(7,32) - 13.11*x(7,33) - 14.08*x(7,34) - 10.75*x(7,35) - 6.37*x(7,36) - 8.97*x(7,37) - 4.1*x(7,38) - 8.24*x(7,39) - 6.1*x(7,40) - 0.9*x(8,1) - 10.71*x(8,2) - 1.16*x(8,3) - 14.5*x(8,4) - 15.79*x(8,5) - 17.83*x(8,6) - 3.73*x(8,7) - 999*x(8,8) - 13.6*x(8,9) - 11.98*x(8,10) - 12.7*x(8,11) - 17.28*x(8,12) - 13.62*x(8,13) - 1.13*x(8,14) - 19.07*x(8,15) - 10.55*x(8,16) - 22.5*x(8,17) - 11.45*x(8,18) - 3.12*x(8,19) - 19*x(8,20) - 3.6*x(8,21) - 2.84*x(8,22) - 8.51*x(8,23) - 10.91*x(8,24) - 10.42*x(8,25) - 6.69*x(8,26) - 9.66*x(8,27) - 4.97*x(8,28) - 16.93*x(8,29) - 3.45*x(8,30) - 20.18*x(8,31) - 22.13*x(8,32) - 13.76*x(8,33) - 12.79*x(8,34) - 8.27*x(8,35) - 6.55*x(8,36) - 11.56*x(8,37) - 1.51*x(8,38) - 5.92*x(8,39) - 5.4*x(8,40) - 13.97*x(9,1) - 9.35*x(9,2) - 13.88*x(9,3) - 11.31*x(9,4) - 13.11*x(9,5) - 4.37*x(9,6) - 11.68*x(9,7) - 13.6*x(9,8) - 999*x(9,9) - 2.32*x(9,10) - 11.41*x(9,11) - 4.28*x(9,12) - 3.08*x(9,13) - 13.21*x(9,14) - 5.58*x(9,15) - 3.87*x(9,16) - 21.4*x(9,17) - 15.72*x(9,18) - 10.71*x(9,19) - 6.07*x(9,20) - 12.28*x(9,21) - 14.02*x(9,22) - 11.3*x(9,23) - 2.73*x(9,24) - 3.28*x(9,25) - 7.57*x(9,26) - 10.73*x(9,27) - 9.41*x(9,28) - 14.6*x(9,29) - 11.83*x(9,30) - 17.87*x(9,31) - 17.75*x(9,32) - 4.79*x(9,33) - 11.28*x(9,34) - 13.36*x(9,35) - 7.67*x(9,36) - 3.54*x(9,37) - 14.86*x(9,38) - 12.14*x(9,39) - 9.29*x(9,40) - 12.45*x(10,1) - 9.78*x(10,2) - 12.41*x(10,3) - 12.39*x(10,4) - 14.23*x(10,5) - 5.91*x(10,6) - 9.69*x(10,7) - 11.98*x(10,8) - 2.32*x(10,9) - 999*x(10,10) - 12.12*x(10,11) - 5.31*x(10,12) - 4.82*x(10,13) - 11.46*x(10,14) - 7.69*x(10,15) - 1.63*x(10,16) - 22.6*x(10,17) - 15.78*x(10,18) - 9.32*x(10,19) - 8.36*x(10,20) - 10.28*x(10,21) - 12.78*x(10,22) - 11.16*x(10,23) - 1.5*x(10,24) - 2.73*x(10,25) - 6.66*x(10,26) - 10.85*x(10,27) - 8.32*x(10,28) - 15.75*x(10,29) - 10.69*x(10,30) - 19.16*x(10,31) - 19.35*x(10,32) - 6.38*x(10,33) - 12.02*x(10,34) - 13.07*x(10,35) - 6.72*x(10,36) - 1.26*x(10,37) - 13.14*x(10,38) - 11.48*x(10,39) - 8.32*x(10,40) - 12.3*x(11,1) - 2.58*x(11,2) - 12*x(11,3) - 2.02*x(11,4) - 3.1*x(11,5) - 14.88*x(11,6) - 14.05*x(11,7) - 12.7*x(11,8) - 11.41*x(11,9) - 12.12*x(11,10) - 999*x(11,11) - 15.38*x(11,12) - 8.67*x(11,13) - 13.28*x(11,14) - 14.04*x(11,15) - 12.25*x(11,16) - 10.91*x(11,17) - 5.56*x(11,18) - 10.17*x(11,19) - 12.67*x(11,20) - 14.47*x(11,21) - 10.74*x(11,22) - 4.28*x(11,23) - 10.75*x(11,24) - 9.5*x(11,25) - 7.93*x(11,26) - 3.05*x(11,27) - 8.46*x(11,28) - 4.38*x(11,29) - 9.26*x(11,30) - 7.88*x(11,31) - 9.45*x(11,32) - 7.17*x(11,33) - 0.19*x(11,34) - 5.61*x(11,35) - 8.03*x(11,36) - 12.99*x(11,37) - 14.16*x(11,38) - 7.02*x(11,39) - 7.95*x(11,40) - 17.76*x(12,1) - 13.5*x(12,2) - 17.71*x(12,3) - 14.99*x(12,4) - 16.7*x(12,5) - 1.36*x(12,6) - 14.83*x(12,7) - 17.28*x(12,8) - 4.28*x(12,9) - 5.31*x(12,10) - 15.38*x(12,11) - 999*x(12,12) - 6.71*x(12,13) - 16.74*x(12,14) - 4.19*x(12,15) - 6.78*x(12,16) - 24.76*x(12,17) - 19.94*x(12,18) - 14.6*x(12,19) - 5.91*x(12,20) - 15.4*x(12,21) - 18.03*x(12,22) - 15.57*x(12,23) - 6.53*x(12,24) - 7.43*x(12,25) - 11.71*x(12,26) - 14.95*x(12,27) - 13.48*x(12,28) - 18.13*x(12,29) - 15.89*x(12,30) - 21.17*x(12,31) - 20.55*x(12,32) - 8.32*x(12,33) - 15.23*x(12,34) - 17.64*x(12,35) - 11.79*x(12,36) - 5.86*x(12,37) - 18.42*x(12,38) - 16.38*x(12,39) - 13.42*x(12,40) - 13.8*x(13,1) - 6.94*x(13,2) - 13.64*x(13,3) - 8.34*x(13,4) - 10.1*x(13,5) - 6.24*x(13,6) - 12.52*x(13,7) - 13.62*x(13,8) - 3.08*x(13,9) - 4.82*x(13,10) - 8.67*x(13,11) - 6.71*x(13,12) - 999*x(13,13) - 13.48*x(13,14) - 6.02*x(13,15) - 5.94*x(13,16) - 18.35*x(13,17) - 13.45*x(13,18) - 10.52*x(13,19) - 5.45*x(13,20) - 13.11*x(13,21) - 13.4*x(13,22) - 9.39*x(13,23) - 4.21*x(13,24) - 3.7*x(13,25) - 7*x(13,26) - 8.55*x(13,27) - 8.86*x(13,28) - 11.58*x(13,29) - 11.19*x(13,30) - 14.81*x(13,31) - 14.68*x(13,32) - 1.72*x(13,33) - 8.52*x(13,34) - 11.54*x(13,35) - 7.12*x(13,36) - 6.06*x(13,37) - 15.03*x(13,38) - 10.83*x(13,39) - 8.58*x(13,40) - 2.03*x(14,1) - 11.16*x(14,2) - 2.27*x(14,3) - 15.01*x(14,4) - 16.38*x(14,5) - 17.36*x(14,6) - 2.66*x(14,7) - 1.13*x(14,8) - 13.21*x(14,9) - 11.46*x(14,10) - 13.28*x(14,11) - 16.74*x(14,12) - 13.48*x(14,13) - 999*x(14,14) - 18.74*x(14,15) - 9.97*x(14,16) - 23.32*x(14,17) - 12.39*x(14,18) - 3.28*x(14,19) - 18.79*x(14,20) - 2.48*x(14,21) - 3.92*x(14,22) - 9.18*x(14,23) - 10.49*x(14,24) - 10.13*x(14,25) - 6.71*x(14,26) - 10.25*x(14,27) - 5.17*x(14,28) - 17.57*x(14,29) - 4.13*x(14,30) - 20.89*x(14,31) - 22.73*x(14,32) - 13.76*x(14,33) - 13.35*x(14,34) - 9.14*x(14,35) - 6.57*x(14,36) - 10.94*x(14,37) - 1.68*x(14,38) - 6.71*x(14,39) - 5.65*x(14,40) - 19.38*x(15,1) - 12.75*x(15,2) - 19.26*x(15,3) - 13.14*x(15,4) - 14.61*x(15,5) - 2.83*x(15,6) - 17.26*x(15,7) - 19.07*x(15,8) - 5.58*x(15,9) - 7.69*x(15,10) - 14.04*x(15,11) - 4.19*x(15,12) - 6.02*x(15,13) - 18.74*x(15,14) - 999*x(15,15) - 9.32*x(15,16) - 22.13*x(15,17) - 19.22*x(15,18) - 16.09*x(15,19) - 1.98*x(15,20) - 17.86*x(15,21) - 19.22*x(15,22) - 15.38*x(15,23) - 8.3*x(15,24) - 8.65*x(15,25) - 12.72*x(15,26) - 14.46*x(15,27) - 14.6*x(15,28) - 15.9*x(15,29) - 17*x(15,30) - 18.55*x(15,31) - 17.45*x(15,32) - 7.02*x(15,33) - 13.86*x(15,34) - 17.53*x(15,35) - 12.83*x(15,36) - 8.72*x(15,37) - 20.38*x(15,38) - 16.84*x(15,39) - 14.39*x(15,40) - 11.08*x(16,1) - 9.77*x(16,2) - 11.06*x(16,3) - 12.77*x(16,4) - 14.61*x(16,5) - 7.49*x(16,6) - 8.1*x(16,7) - 10.55*x(16,8) - 3.87*x(16,9) - 1.63*x(16,10) - 12.25*x(16,11) - 6.78*x(16,12) - 5.94*x(16,13) - 9.97*x(16,14) - 9.32*x(16,15) - 999*x(16,16) - 22.97*x(16,17) - 15.39*x(16,18) - 8.05*x(16,19) - 9.94*x(16,20) - 8.68*x(16,21) - 11.57*x(16,22) - 10.71*x(16,23) - 1.77*x(16,24) - 2.84*x(16,25) - 5.83*x(16,26) - 10.6*x(16,27) - 7.29*x(16,28) - 16.13*x(16,29) - 9.57*x(16,30) - 19.61*x(16,31) - 20.05*x(16,32) - 7.31*x(16,33) - 12.17*x(16,34) - 12.48*x(16,35) - 5.87*x(16,36) - 1.07*x(16,37) - 11.65*x(16,38) - 10.65*x(16,39) - 7.38*x(16,40) - 21.87*x(17,1) - 13.49*x(17,2) - 21.56*x(17,3) - 10.22*x(17,4) - 8.37*x(17,5) - 23.9*x(17,6) - 24.57*x(17,7) - 22.5*x(17,8) - 21.4*x(17,9) - 22.6*x(17,10) - 10.91*x(17,11) - 24.76*x(17,12) - 18.35*x(17,13) - 23.32*x(17,14) - 22.13*x(17,15) - 22.97*x(17,16) - 999*x(17,17) - 11.38*x(17,18) - 20.53*x(17,19) - 20.28*x(17,20) - 24.92*x(17,21) - 19.97*x(17,22) - 14.28*x(17,23) - 21.35*x(17,24) - 20.15*x(17,25) - 18.79*x(17,26) - 13.49*x(17,27) - 19.05*x(17,28) - 6.85*x(17,29) - 19.19*x(17,30) - 3.6*x(17,31) - 5.57*x(17,32) - 16.63*x(17,33) - 10.95*x(17,34) - 14.25*x(17,35) - 18.88*x(17,36) - 23.61*x(17,37) - 23.78*x(17,38) - 16.6*x(17,39) - 18.56*x(17,40) - 10.73*x(18,1) - 6.51*x(18,2) - 10.41*x(18,3) - 7.31*x(18,4) - 7.24*x(18,5) - 19.67*x(18,6) - 14.11*x(18,7) - 11.45*x(18,8) - 15.72*x(18,9) - 15.78*x(18,10) - 5.56*x(18,11) - 19.94*x(18,12) - 13.45*x(18,13) - 12.39*x(18,14) - 19.22*x(18,15) - 15.39*x(18,16) - 11.38*x(18,17) - 999*x(18,18) - 10.11*x(18,19) - 18.02*x(18,20) - 14.35*x(18,21) - 8.75*x(18,22) - 4.69*x(18,23) - 14.29*x(18,24) - 13.06*x(18,25) - 9.79*x(18,26) - 5*x(18,27) - 9.16*x(18,28) - 7.52*x(18,29) - 8.44*x(18,30) - 9.82*x(18,31) - 12.56*x(18,32) - 12.21*x(18,33) - 5.75*x(18,34) - 3.37*x(18,35) - 9.81*x(18,36) - 16.34*x(18,37) - 12.6*x(18,38) - 5.88*x(18,39) - 8.78*x(18,40) - 3.29*x(19,1) - 7.93*x(19,2) - 3.17*x(19,3) - 11.81*x(19,4) - 13.26*x(19,5) - 15.03*x(19,6) - 4.06*x(19,7) - 3.12*x(19,8) - 10.71*x(19,9) - 9.32*x(19,10) - 10.17*x(19,11) - 14.6*x(19,12) - 10.52*x(19,13) - 3.28*x(19,14) - 16.09*x(19,15) - 8.05*x(19,16) - 20.53*x(19,17) - 10.11*x(19,18) - 999*x(19,19) - 15.93*x(19,20) - 4.39*x(19,21) - 3.54*x(19,22) - 6.25*x(19,23) - 8.1*x(19,24) - 7.47*x(19,25) - 3.57*x(19,26) - 7.19*x(19,27) - 1.9*x(19,28) - 14.51*x(19,29) - 1.88*x(19,30) - 17.91*x(19,31) - 19.6*x(19,32) - 10.63*x(19,33) - 10.22*x(19,34) - 6.74*x(19,35) - 3.43*x(19,36) - 9.11*x(19,37) - 4.6*x(19,38) - 4.23*x(19,39) - 2.38*x(19,40) - 19.22*x(20,1) - 11.66*x(20,2) - 19.07*x(20,3) - 11.58*x(20,4) - 12.96*x(20,5) - 4.59*x(20,6) - 17.56*x(20,7) - 19*x(20,8) - 6.07*x(20,9) - 8.36*x(20,10) - 12.67*x(20,11) - 5.91*x(20,12) - 5.45*x(20,13) - 18.79*x(20,14) - 1.98*x(20,15) - 9.94*x(20,16) - 20.28*x(20,17) - 18.02*x(20,18) - 15.93*x(20,19) - 999*x(20,20) - 18.16*x(20,21) - 18.85*x(20,22) - 14.46*x(20,23) - 8.63*x(20,24) - 8.69*x(20,25) - 12.43*x(20,26) - 13.44*x(20,27) - 14.3*x(20,28) - 14.18*x(20,29) - 16.64*x(20,30) - 16.71*x(20,31) - 15.5*x(20,32) - 6*x(20,33) - 12.48*x(20,34) - 16.61*x(20,35) - 12.56*x(20,36) - 9.52*x(20,37) - 20.38*x(20,38) - 16.18*x(20,39) - 14.03*x(20,40) - 4.5*x(21,1) - 12.12*x(21,2) - 4.72*x(21,3) - 16.02*x(21,4) - 17.55*x(21,5) - 16.17*x(21,6) - 0.6*x(21,7) - 3.6*x(21,8) - 12.28*x(21,9) - 10.28*x(21,10) - 14.47*x(21,11) - 15.4*x(21,12) - 13.11*x(21,13) - 2.48*x(21,14) - 17.86*x(21,15) - 8.68*x(21,16) - 24.92*x(21,17) - 14.35*x(21,18) - 4.39*x(21,19) - 18.16*x(21,20) - 999*x(21,21) - 6.27*x(21,22) - 10.65*x(21,23) - 9.58*x(21,24) - 9.51*x(21,25) - 7.02*x(21,26) - 11.54*x(21,27) - 6.02*x(21,28) - 18.85*x(21,29) - 5.91*x(21,30) - 22.27*x(21,31) - 23.86*x(21,32) - 13.7*x(21,33) - 14.51*x(21,34) - 11.01*x(21,35) - 6.89*x(21,36) - 9.54*x(21,37) - 3.76*x(21,38) - 8.5*x(21,39) - 6.53*x(21,40) - 2.01*x(22,1) - 9.12*x(22,2) - 1.71*x(22,3) - 12.66*x(22,4) - 13.75*x(22,5) - 18.37*x(22,6) - 6.27*x(22,7) - 2.84*x(22,8) - 14.02*x(22,9) - 12.78*x(22,10) - 10.74*x(22,11) - 18.03*x(22,12) - 13.4*x(22,13) - 3.92*x(22,14) - 19.22*x(22,15) - 11.57*x(22,16) - 19.97*x(22,17) - 8.75*x(22,18) - 3.54*x(22,19) - 18.85*x(22,20) - 6.27*x(22,21) - 999*x(22,22) - 6.46*x(22,23) - 11.5*x(22,24) - 10.74*x(22,25) - 6.5*x(22,26) - 7.74*x(22,27) - 4.63*x(22,28) - 14.75*x(22,29) - 2.22*x(22,30) - 17.85*x(22,31) - 20.02*x(22,32) - 13.18*x(22,33) - 10.85*x(22,34) - 5.74*x(22,35) - 6.39*x(22,36) - 12.64*x(22,37) - 3.86*x(22,38) - 3.72*x(22,39) - 4.83*x(22,40) - 8.05*x(23,1) - 3.04*x(23,2) - 7.75*x(23,3) - 6.22*x(23,4) - 7.32*x(23,5) - 15.44*x(23,6) - 10.29*x(23,7) - 8.51*x(23,8) - 11.3*x(23,9) - 11.16*x(23,10) - 4.28*x(23,11) - 15.57*x(23,12) - 9.39*x(23,13) - 9.18*x(23,14) - 15.38*x(23,15) - 10.71*x(23,16) - 14.28*x(23,17) - 4.69*x(23,18) - 6.25*x(23,19) - 14.46*x(23,20) - 10.65*x(23,21) - 6.46*x(23,22) - 999*x(23,23) - 9.66*x(23,24) - 8.46*x(23,25) - 5.15*x(23,26) - 1.34*x(23,27) - 4.85*x(23,28) - 8.42*x(23,29) - 5.07*x(23,30) - 11.71*x(23,31) - 13.64*x(23,32) - 8.47*x(23,33) - 4.39*x(23,34) - 2.15*x(23,35) - 5.18*x(23,36) - 11.67*x(23,37) - 9.93*x(23,38) - 2.74*x(23,39) - 4.39*x(23,40) - 11.32*x(24,1) - 8.35*x(24,2) - 11.24*x(24,3) - 11.14*x(24,4) - 12.98*x(24,5) - 6.93*x(24,6) - 8.98*x(24,7) - 10.91*x(24,8) - 2.73*x(24,9) - 1.5*x(24,10) - 10.75*x(24,11) - 6.53*x(24,12) - 4.21*x(24,13) - 10.49*x(24,14) - 8.3*x(24,15) - 1.77*x(24,16) - 21.35*x(24,17) - 14.29*x(24,18) - 8.1*x(24,19) - 8.63*x(24,20) - 9.58*x(24,21) - 11.5*x(24,22) - 9.66*x(24,23) - 999*x(24,24) - 1.26*x(24,25) - 5.24*x(24,26) - 9.37*x(24,27) - 6.96*x(24,28) - 14.5*x(24,29) - 9.37*x(24,30) - 17.95*x(24,31) - 18.31*x(24,32) - 5.54*x(24,33) - 10.65*x(24,34) - 11.58*x(24,35) - 5.31*x(24,36) - 2.26*x(24,37) - 12.15*x(24,38) - 10.02*x(24,39) - 6.92*x(24,40) - 10.74*x(25,1) - 7.09*x(25,2) - 10.64*x(25,3) - 9.94*x(25,4) - 11.79*x(25,5) - 7.65*x(25,6) - 8.91*x(25,7) - 10.42*x(25,8) - 3.28*x(25,9) - 2.73*x(25,10) - 9.5*x(25,11) - 7.43*x(25,12) - 3.7*x(25,13) - 10.13*x(25,14) - 8.65*x(25,15) - 2.84*x(25,16) - 20.15*x(25,17) - 13.06*x(25,18) - 7.47*x(25,19) - 8.69*x(25,20) - 9.51*x(25,21) - 10.74*x(25,22) - 8.46*x(25,23) - 1.26*x(25,24) - 999*x(25,25) - 4.3*x(25,26) - 8.13*x(25,27) - 6.12*x(25,28) - 13.31*x(25,29) - 8.55*x(25,30) - 16.78*x(25,31) - 17.24*x(25,32) - 4.73*x(25,33) - 9.41*x(25,34) - 10.41*x(25,35) - 4.39*x(25,36) - 3.5*x(25,37) - 11.75*x(25,38) - 8.97*x(25,39) - 6.01*x(25,40) - 6.81*x(26,1) - 5.39*x(26,2) - 6.65*x(26,3) - 9.21*x(26,4) - 10.87*x(26,5) - 11.94*x(26,6) - 6.5*x(26,7) - 6.69*x(26,8) - 7.57*x(26,9) - 6.66*x(26,10) - 7.93*x(26,11) - 11.71*x(26,12) - 7*x(26,13) - 6.71*x(26,14) - 12.72*x(26,15) - 5.83*x(26,16) - 18.79*x(26,17) - 9.79*x(26,18) - 3.57*x(26,19) - 12.43*x(26,20) - 7.02*x(26,21) - 6.5*x(26,22) - 5.15*x(26,23) - 5.24*x(26,24) - 4.3*x(26,25) - 999*x(26,26) - 5.44*x(26,27) - 1.88*x(26,28) - 12.28*x(26,29) - 4.29*x(26,30) - 15.81*x(26,31) - 17.06*x(26,32) - 7.07*x(26,33) - 7.93*x(26,34) - 6.7*x(26,35) - 0.14*x(26,36) - 6.87*x(26,37) - 8.15*x(26,38) - 4.83*x(26,39) - 1.71*x(26,40) - 9.25*x(27,1) - 1.82*x(27,2) - 8.96*x(27,3) - 4.92*x(27,4) - 6.13*x(27,5) - 14.72*x(27,6) - 11.15*x(27,7) - 9.66*x(27,8) - 10.73*x(27,9) - 10.85*x(27,10) - 3.05*x(27,11) - 14.95*x(27,12) - 8.55*x(27,13) - 10.25*x(27,14) - 14.46*x(27,15) - 10.6*x(27,16) - 13.49*x(27,17) - 5*x(27,18) - 7.19*x(27,19) - 13.44*x(27,20) - 11.54*x(27,21) - 7.74*x(27,22) - 1.34*x(27,23) - 9.37*x(27,24) - 8.13*x(27,25) - 5.44*x(27,26) - 999*x(27,27) - 5.58*x(27,28) - 7.33*x(27,29) - 6.21*x(27,30) - 10.73*x(27,31) - 12.48*x(27,32) - 7.47*x(27,33) - 3.14*x(27,34) - 3.26*x(27,35) - 5.5*x(27,36) - 11.49*x(27,37) - 11.11*x(27,38) - 4.04*x(27,39) - 5.08*x(27,40) - 4.99*x(28,1) - 6.12*x(28,2) - 4.81*x(28,3) - 10.02*x(28,4) - 11.53*x(28,5) - 13.77*x(28,6) - 5.59*x(28,7) - 4.97*x(28,8) - 9.41*x(28,9) - 8.32*x(28,10) - 8.46*x(28,11) - 13.48*x(28,12) - 8.86*x(28,13) - 5.17*x(28,14) - 14.6*x(28,15) - 7.29*x(28,16) - 19.05*x(28,17) - 9.16*x(28,18) - 1.9*x(28,19) - 14.3*x(28,20) - 6.02*x(28,21) - 4.63*x(28,22) - 4.85*x(28,23) - 6.96*x(28,24) - 6.12*x(28,25) - 1.88*x(28,26) - 5.58*x(28,27) - 999*x(28,28) - 12.84*x(28,29) - 2.43*x(28,30) - 16.29*x(28,31) - 17.84*x(28,32) - 8.83*x(28,33) - 8.5*x(28,34) - 5.85*x(28,35) - 1.77*x(28,36) - 8.36*x(28,37) - 6.47*x(28,38) - 3.56*x(28,39) - 0.51*x(28,40) - 16.45*x(29,1) - 6.89*x(29,2) - 16.14*x(29,3) - 3.37*x(29,4) - 1.52*x(29,5) - 17.37*x(29,6) - 18.43*x(29,7) - 16.93*x(29,8) - 14.6*x(29,9) - 15.75*x(29,10) - 4.38*x(29,11) - 18.13*x(29,12) - 11.58*x(29,13) - 17.57*x(29,14) - 15.9*x(29,15) - 16.13*x(29,16) - 6.85*x(29,17) - 7.52*x(29,18) - 14.51*x(29,19) - 14.18*x(29,20) - 18.85*x(29,21) - 14.75*x(29,22) - 8.42*x(29,23) - 14.5*x(29,24) - 13.31*x(29,25) - 12.28*x(29,26) - 7.33*x(29,27) - 12.84*x(29,28) - 999*x(29,29) - 13.49*x(29,30) - 3.54*x(29,31) - 5.28*x(29,32) - 9.88*x(29,33) - 4.37*x(29,34) - 9.17*x(29,35) - 12.38*x(29,36) - 16.76*x(29,37) - 18.34*x(29,38) - 11.08*x(29,39) - 12.33*x(29,40) - 3.09*x(30,1) - 7.33*x(30,2) - 2.83*x(30,3) - 11.07*x(30,4) - 12.34*x(30,5) - 16.2*x(30,6) - 5.69*x(30,7) - 3.45*x(30,8) - 11.83*x(30,9) - 10.69*x(30,10) - 9.26*x(30,11) - 15.89*x(30,12) - 11.19*x(30,13) - 4.13*x(30,14) - 17*x(30,15) - 9.57*x(30,16) - 19.19*x(30,17) - 8.44*x(30,18) - 1.88*x(30,19) - 16.64*x(30,20) - 5.91*x(30,21) - 2.22*x(30,22) - 5.07*x(30,23) - 9.37*x(30,24) - 8.55*x(30,25) - 4.29*x(30,26) - 6.21*x(30,27) - 2.43*x(30,28) - 13.49*x(30,29) - 999*x(30,30) - 16.77*x(30,31) - 18.69*x(30,32) - 11.01*x(30,33) - 9.34*x(30,34) - 5.1*x(30,35) - 4.18*x(30,36) - 10.64*x(30,37) - 4.9*x(30,38) - 2.61*x(30,39) - 2.62*x(30,40) - 19.64*x(31,1) - 10.42*x(31,2) - 19.33*x(31,3) - 6.85*x(31,4) - 5.03*x(31,5) - 20.3*x(31,6) - 21.87*x(31,7) - 20.18*x(31,8) - 17.87*x(31,9) - 19.16*x(31,10) - 7.88*x(31,11) - 21.17*x(31,12) - 14.81*x(31,13) - 20.89*x(31,14) - 18.55*x(31,15) - 19.61*x(31,16) - 3.6*x(31,17) - 9.82*x(31,18) - 17.91*x(31,19) - 16.71*x(31,20) - 22.27*x(31,21) - 17.85*x(31,22) - 11.71*x(31,23) - 17.95*x(31,24) - 16.78*x(31,25) - 15.81*x(31,26) - 10.73*x(31,27) - 16.29*x(31,28) - 3.54*x(31,29) - 16.77*x(31,30) - 999*x(31,31) - 3.21*x(31,32) - 13.09*x(31,33) - 7.88*x(31,34) - 12.14*x(31,35) - 15.91*x(31,36) - 20.2*x(31,37) - 21.55*x(31,38) - 14.27*x(31,39) - 15.78*x(31,40) - 21.69*x(32,1) - 11.74*x(32,2) - 21.38*x(32,3) - 7.86*x(32,4) - 6.35*x(32,5) - 19.53*x(32,6) - 23.4*x(32,7) - 22.13*x(32,8) - 17.75*x(32,9) - 19.35*x(32,10) - 9.45*x(32,11) - 20.55*x(32,12) - 14.68*x(32,13) - 22.73*x(32,14) - 17.45*x(32,15) - 20.05*x(32,16) - 5.57*x(32,17) - 12.56*x(32,18) - 19.6*x(32,19) - 15.5*x(32,20) - 23.86*x(32,21) - 20.02*x(32,22) - 13.64*x(32,23) - 18.31*x(32,24) - 17.24*x(32,25) - 17.06*x(32,26) - 12.48*x(32,27) - 17.84*x(32,28) - 5.28*x(32,29) - 18.69*x(32,30) - 3.21*x(32,31) - 999*x(32,32) - 13*x(32,33) - 9.38*x(32,34) - 14.45*x(32,35) - 17.17*x(32,36) - 20.49*x(32,37) - 23.57*x(32,38) - 16.33*x(32,39) - 17.33*x(32,40) - 13.82*x(33,1) - 5.73*x(33,2) - 13.63*x(33,3) - 6.68*x(33,4) - 8.41*x(33,5) - 7.72*x(33,6) - 13.11*x(33,7) - 13.76*x(33,8) - 4.79*x(33,9) - 6.38*x(33,10) - 7.17*x(33,11) - 8.32*x(33,12) - 1.72*x(33,13) - 13.76*x(33,14) - 7.02*x(33,15) - 7.31*x(33,16) - 16.63*x(33,17) - 12.21*x(33,18) - 10.63*x(33,19) - 6*x(33,20) - 13.7*x(33,21) - 13.18*x(33,22) - 8.47*x(33,23) - 5.54*x(33,24) - 4.73*x(33,25) - 7.07*x(33,26) - 7.47*x(33,27) - 8.83*x(33,28) - 9.88*x(33,29) - 11.01*x(33,30) - 13.09*x(33,31) - 13*x(33,32) - 999*x(33,33) - 7*x(33,34) - 10.61*x(33,35) - 7.21*x(33,36) - 7.58*x(33,37) - 15.22*x(33,38) - 10.26*x(33,39) - 8.47*x(33,40) - 12.39*x(34,1) - 2.55*x(34,2) - 12.1*x(34,3) - 1.87*x(34,4) - 3.04*x(34,5) - 14.72*x(34,6) - 14.08*x(34,7) - 12.79*x(34,8) - 11.28*x(34,9) - 12.02*x(34,10) - 0.19*x(34,11) - 15.23*x(34,12) - 8.52*x(34,13) - 13.35*x(34,14) - 13.86*x(34,15) - 12.17*x(34,16) - 10.95*x(34,17) - 5.75*x(34,18) - 10.22*x(34,19) - 12.48*x(34,20) - 14.51*x(34,21) - 10.85*x(34,22) - 4.39*x(34,23) - 10.65*x(34,24) - 9.41*x(34,25) - 7.93*x(34,26) - 3.14*x(34,27) - 8.5*x(34,28) - 4.37*x(34,29) - 9.34*x(34,30) - 7.88*x(34,31) - 9.38*x(34,32) - 7*x(34,33) - 999*x(34,34) - 5.77*x(34,35) - 8.03*x(34,36) - 12.9*x(34,37) - 14.24*x(34,38) - 7.13*x(34,39) - 7.98*x(34,40) - 7.62*x(35,1) - 5.07*x(35,2) - 7.31*x(35,3) - 7.63*x(35,4) - 8.35*x(35,5) - 17.55*x(35,6) - 10.75*x(35,7) - 8.27*x(35,8) - 13.36*x(35,9) - 13.07*x(35,10) - 5.61*x(35,11) - 17.64*x(35,12) - 11.54*x(35,13) - 9.14*x(35,14) - 17.53*x(35,15) - 12.48*x(35,16) - 14.25*x(35,17) - 3.37*x(35,18) - 6.74*x(35,19) - 16.61*x(35,20) - 11.01*x(35,21) - 5.74*x(35,22) - 2.15*x(35,23) - 11.58*x(35,24) - 10.41*x(35,25) - 6.7*x(35,26) - 3.26*x(35,27) - 5.85*x(35,28) - 9.17*x(35,29) - 5.1*x(35,30) - 12.14*x(35,31) - 14.45*x(35,32) - 10.61*x(35,33) - 5.77*x(35,34) - 999*x(35,35) - 6.7*x(35,36) - 13.48*x(35,37) - 9.53*x(35,38) - 2.51*x(35,39) - 5.5*x(35,40) - 6.68*x(36,1) - 5.5*x(36,2) - 6.52*x(36,3) - 9.32*x(36,4) - 10.98*x(36,5) - 12.04*x(36,6) - 6.37*x(36,7) - 6.55*x(36,8) - 7.67*x(36,9) - 6.72*x(36,10) - 8.03*x(36,11) - 11.79*x(36,12) - 7.12*x(36,13) - 6.57*x(36,14) - 12.83*x(36,15) - 5.87*x(36,16) - 18.88*x(36,17) - 9.81*x(36,18) - 3.43*x(36,19) - 12.56*x(36,20) - 6.89*x(36,21) - 6.39*x(36,22) - 5.18*x(36,23) - 5.31*x(36,24) - 4.39*x(36,25) - 0.14*x(36,26) - 5.5*x(36,27) - 1.77*x(36,28) - 12.38*x(36,29) - 4.18*x(36,30) - 15.91*x(36,31) - 17.17*x(36,32) - 7.21*x(36,33) - 8.03*x(36,34) - 6.7*x(36,35) - 999*x(36,36) - 6.91*x(36,37) - 8.01*x(36,38) - 4.79*x(36,39) - 1.62*x(36,40) - 12.11*x(37,1) - 10.57*x(37,2) - 12.09*x(37,3) - 13.39*x(37,4) - 15.24*x(37,5) - 6.68*x(37,6) - 8.97*x(37,7) - 11.56*x(37,8) - 3.54*x(37,9) - 1.26*x(37,10) - 12.99*x(37,11) - 5.86*x(37,12) - 6.06*x(37,13) - 10.94*x(37,14) - 8.72*x(37,15) - 1.07*x(37,16) - 23.61*x(37,17) - 16.34*x(37,18) - 9.11*x(37,19) - 9.52*x(37,20) - 9.54*x(37,21) - 12.64*x(37,22) - 11.67*x(37,23) - 2.26*x(37,24) - 3.5*x(37,25) - 6.87*x(37,26) - 11.49*x(37,27) - 8.36*x(37,28) - 16.76*x(37,29) - 10.64*x(37,30) - 20.2*x(37,31) - 20.49*x(37,32) - 7.58*x(37,33) - 12.9*x(37,34) - 13.48*x(37,35) - 6.91*x(37,36) - 999*x(37,37) - 12.62*x(37,38) - 11.7*x(37,39) - 8.43*x(37,40) - 1.91*x(38,1) - 12.2*x(38,2) - 2.23*x(38,3) - 15.97*x(38,4) - 17.23*x(38,5) - 19.03*x(38,6) - 4.1*x(38,7) - 1.51*x(38,8) - 14.86*x(38,9) - 13.14*x(38,10) - 14.16*x(38,11) - 18.42*x(38,12) - 15.03*x(38,13) - 1.68*x(38,14) - 20.38*x(38,15) - 11.65*x(38,16) - 23.78*x(38,17) - 12.6*x(38,18) - 4.6*x(38,19) - 20.38*x(38,20) - 3.76*x(38,21) - 3.86*x(38,22) - 9.93*x(38,23) - 12.15*x(38,24) - 11.75*x(38,25) - 8.15*x(38,26) - 11.11*x(38,27) - 6.47*x(38,28) - 18.34*x(38,29) - 4.9*x(38,30) - 21.55*x(38,31) - 23.57*x(38,32) - 15.22*x(38,33) - 14.24*x(38,34) - 9.53*x(38,35) - 8.01*x(38,36) - 12.62*x(38,37) - 999*x(38,38) - 7.28*x(38,39) - 6.9*x(38,40) - 5.38*x(39,1) - 5.53*x(39,2) - 5.07*x(39,3) - 8.95*x(39,4) - 10.04*x(39,5) - 16.47*x(39,6) - 8.24*x(39,7) - 5.92*x(39,8) - 12.14*x(39,9) - 11.48*x(39,10) - 7.02*x(39,11) - 16.38*x(39,12) - 10.83*x(39,13) - 6.71*x(39,14) - 16.84*x(39,15) - 10.65*x(39,16) - 16.6*x(39,17) - 5.88*x(39,18) - 4.23*x(39,19) - 16.18*x(39,20) - 8.5*x(39,21) - 3.72*x(39,22) - 2.74*x(39,23) - 10.02*x(39,24) - 8.97*x(39,25) - 4.83*x(39,26) - 4.04*x(39,27) - 3.56*x(39,28) - 11.08*x(39,29) - 2.61*x(39,30) - 14.27*x(39,31) - 16.33*x(39,32) - 10.26*x(39,33) - 7.13*x(39,34) - 2.51*x(39,35) - 4.79*x(39,36) - 11.7*x(39,37) - 7.28*x(39,38) - 999*x(39,39) - 3.33*x(39,40) - 5.37*x(40,1) - 5.61*x(40,2) - 5.17*x(40,3) - 9.5*x(40,4) - 11.01*x(40,5) - 13.65*x(40,6) - 6.1*x(40,7) - 5.4*x(40,8) - 9.29*x(40,9) - 8.32*x(40,10) - 7.95*x(40,11) - 13.42*x(40,12) - 8.58*x(40,13) - 5.65*x(40,14) - 14.39*x(40,15) - 7.38*x(40,16) - 18.56*x(40,17) - 8.78*x(40,18) - 2.38*x(40,19) - 14.03*x(40,20) - 6.53*x(40,21) - 4.83*x(40,22) - 4.39*x(40,23) - 6.92*x(40,24) - 6.01*x(40,25) - 1.71*x(40,26) - 5.08*x(40,27) - 0.51*x(40,28) - 12.33*x(40,29) - 2.62*x(40,30) - 15.78*x(40,31) - 17.33*x(40,32) - 8.47*x(40,33) - 7.98*x(40,34) - 5.5*x(40,35) - 1.62*x(40,36) - 8.43*x(40,37) - 6.9*x(40,38) - 3.33*x(40,39) - 999*x(40,40) =E= 0 ; (LHS = 0)
     

---- r1  =E=  

r1(1)..  x(1,1) + x(2,1) + x(3,1) + x(4,1) + x(5,1) + x(6,1) + x(7,1) + x(8,1) + x(9,1) + x(10,1) + x(11,1) + x(12,1) + x(13,1) + x(14,1) + x(15,1) + x(16,1) + x(17,1) + x(18,1) + x(19,1) + x(20,1) + x(21,1) + x(22,1) + x(23,1) + x(24,1) + x(25,1) + x(26,1) + x(27,1) + x(28,1) + x(29,1) + x(30,1) + x(31,1) + x(32,1) + x(33,1) + x(34,1) + x(35,1) + x(36,1) + x(37,1) + x(38,1) + x(39,1) + x(40,1) =E= 1 ; (LHS = 0, INFES = 1 ****)
     
r1(2)..  x(1,2) + x(2,2) + x(3,2) + x(4,2) + x(5,2) + x(6,2) + x(7,2) + x(8,2) + x(9,2) + x(10,2) + x(11,2) + x(12,2) + x(13,2) + x(14,2) + x(15,2) + x(16,2) + x(17,2) + x(18,2) + x(19,2) + x(20,2) + x(21,2) + x(22,2) + x(23,2) + x(24,2) + x(25,2) + x(26,2) + x(27,2) + x(28,2) + x(29,2) + x(30,2) + x(31,2) + x(32,2) + x(33,2) + x(34,2) + x(35,2) + x(36,2) + x(37,2) + x(38,2) + x(39,2) + x(40,2) =E= 1 ; (LHS = 0, INFES = 1 ****)
     
r1(3)..  x(1,3) + x(2,3) + x(3,3) + x(4,3) + x(5,3) + x(6,3) + x(7,3) + x(8,3) + x(9,3) + x(10,3) + x(11,3) + x(12,3) + x(13,3) + x(14,3) + x(15,3) + x(16,3) + x(17,3) + x(18,3) + x(19,3) + x(20,3) + x(21,3) + x(22,3) + x(23,3) + x(24,3) + x(25,3) + x(26,3) + x(27,3) + x(28,3) + x(29,3) + x(30,3) + x(31,3) + x(32,3) + x(33,3) + x(34,3) + x(35,3) + x(36,3) + x(37,3) + x(38,3) + x(39,3) + x(40,3) =E= 1 ; (LHS = 0, INFES = 1 ****)
     
REMAINING 37 ENTRIES SKIPPED


---- r2  =E=  

r2(1)..  x(1,1) + x(1,2) + x(1,3) + x(1,4) + x(1,5) + x(1,6) + x(1,7) + x(1,8) + x(1,9) + x(1,10) + x(1,11) + x(1,12) + x(1,13) + x(1,14) + x(1,15) + x(1,16) + x(1,17) + x(1,18) + x(1,19) + x(1,20) + x(1,21) + x(1,22) + x(1,23) + x(1,24) + x(1,25) + x(1,26) + x(1,27) + x(1,28) + x(1,29) + x(1,30) + x(1,31) + x(1,32) + x(1,33) + x(1,34) + x(1,35) + x(1,36) + x(1,37) + x(1,38) + x(1,39) + x(1,40) =E= 1 ; (LHS = 0, INFES = 1 ****)
     
r2(2)..  x(2,1) + x(2,2) + x(2,3) + x(2,4) + x(2,5) + x(2,6) + x(2,7) + x(2,8) + x(2,9) + x(2,10) + x(2,11) + x(2,12) + x(2,13) + x(2,14) + x(2,15) + x(2,16) + x(2,17) + x(2,18) + x(2,19) + x(2,20) + x(2,21) + x(2,22) + x(2,23) + x(2,24) + x(2,25) + x(2,26) + x(2,27) + x(2,28) + x(2,29) + x(2,30) + x(2,31) + x(2,32) + x(2,33) + x(2,34) + x(2,35) + x(2,36) + x(2,37) + x(2,38) + x(2,39) + x(2,40) =E= 1 ; (LHS = 0, INFES = 1 ****)
     
r2(3)..  x(3,1) + x(3,2) + x(3,3) + x(3,4) + x(3,5) + x(3,6) + x(3,7) + x(3,8) + x(3,9) + x(3,10) + x(3,11) + x(3,12) + x(3,13) + x(3,14) + x(3,15) + x(3,16) + x(3,17) + x(3,18) + x(3,19) + x(3,20) + x(3,21) + x(3,22) + x(3,23) + x(3,24) + x(3,25) + x(3,26) + x(3,27) + x(3,28) + x(3,29) + x(3,30) + x(3,31) + x(3,32) + x(3,33) + x(3,34) + x(3,35) + x(3,36) + x(3,37) + x(3,38) + x(3,39) + x(3,40) =E= 1 ; (LHS = 0, INFES = 1 ****)
     
REMAINING 37 ENTRIES SKIPPED


---- r3  =L=  

r3(2,3)..  u(2) - u(3) + 40*x(2,3) =L= 39 ; (LHS = 0)
     
r3(2,4)..  u(2) - u(4) + 40*x(2,4) =L= 39 ; (LHS = 0)
     
r3(2,5)..  u(2) - u(5) + 40*x(2,5) =L= 39 ; (LHS = 0)
     
REMAINING 1479 ENTRIES SKIPPED

GAMS 46.5.0  a671108d May 8, 2024           WEX-WEI x86 64bit/MS Windows - 09/07/24 13:02:45 Page 4
G e n e r a l   A l g e b r a i c   M o d e l i n g   S y s t e m
Column Listing      SOLVE transpor_1 Using MIP From line 65


---- z  

z
                (.LO, .L, .UP, .M = -INF, 0, +INF, 0)
        1       Obj


---- u  

u(2)
                (.LO, .L, .UP, .M = 0, 0, +INF, 0)
        1       r3(2,3)
        1       r3(2,4)
        1       r3(2,5)
