GAMS 46.5.0  a671108d May 8, 2024           WEX-WEI x86 64bit/MS Windows - 09/07/24 13:02:49 Page 1
G e n e r a l   A l g e b r a i c   M o d e l i n g   S y s t e m
C o m p i l a t i o n


   1  *Cambia el número de i dependiendo de la cantidad de nodos que tengas en el problema
   2  Set
   3  i /1*40/;
   4  alias (i,j);
   5  *Cambia el nombre del csv que estes usando
   6  Table c(i,j)
INCLUDE    C:\Users\progra.DESKTOP-GV4Q93K\Documents\Vstudio\Geneticos\retointegrador\dist_matrix6.csv
   9  ,1,2,3,4,5,6,7,8,9,10,11,12,13,14,15,16,17,18,19,20,21,22,23,24,25,26,27,28,29,30,31,32,33,34,35,36,37,38,39,40
  10  1,999.0,14.72,10.94,16.3,15.16,17.55,3.57,14.1,4.33,2.6,15.51,3.44,15.83,13.27,4.56,0.98,5.02,14.44,16.63,15.03,8.73,11.39,13.98,12.75,2.56,5.1,17.12,14.29,8.35,3.08,14.3,4.55,15.51,10.92,7.05,8.44,2.03,16.79,14.05,7.65
  11  2,14.72,999.0,4.96,16.14,14.16,5.76,11.58,13.49,15.48,14.6,14.93,18.13,11.23,6.19,13.2,15.43,9.88,10.58,19.15,9.17,18.61,4.61,6.12,17.39,13.58,9.69,18.1,3.38,11.72,12.01,13.42,14.11,14.93,14.32,16.71,18.68,13.67,11.16,1.9,7.49
  12  3,10.94,4.96,999.0,12.1,10.15,10.19,7.46,9.3,12.85,10.24,10.88,14.17,8.1,3.18,8.54,11.79,5.93,7.01,14.73,6.26,13.69,0.46,3.71,12.58,10.51,5.92,13.92,3.36,6.76,8.79,9.29,9.43,10.88,9.48,11.83,13.78,10.42,8.49,3.5,5.51
  13  4,16.3,16.14,12.1,999.0,1.99,21.88,13.64,2.83,20.29,13.88,1.22,17.71,5.47,9.95,11.74,17.24,13.63,5.63,3.62,7.31,11.05,12.18,10.1,5.3,17.77,14.02,2.02,12.86,8.2,16.45,2.81,11.86,1.22,5.44,10.89,11.47,17.33,6.23,14.24,16.23
  14  5,15.16,14.16,10.15,1.99,999.0,19.9,12.26,1.08,18.99,12.87,0.77,16.89,3.73,7.97,10.63,16.13,12.08,3.68,5.31,5.41,10.96,10.22,8.13,5.74,16.43,12.44,3.96,10.89,6.85,15.02,0.94,10.89,0.77,4.74,10.43,11.34,16.02,4.65,12.26,14.45
  15  6,17.55,5.76,10.19,21.88,19.9,999.0,15.13,19.19,16.86,18.19,20.66,20.95,16.99,11.94,17.34,18.01,13.46,16.34,24.8,14.93,23.18,9.96,11.89,22.77,15.71,13.13,23.82,9.13,16.75,14.5,19.13,18.24,20.66,19.67,21.17,23.17,15.98,16.87,7.66,9.94
  16  7,3.57,11.58,7.46,13.64,12.26,15.13,999.0,11.19,6.74,3.08,12.72,6.71,12.48,9.69,2.75,4.5,1.72,11.09,14.6,11.54,8.66,7.91,10.41,10.99,4.17,2.01,14.75,10.81,5.45,2.84,11.35,3.45,12.72,8.55,6.64,8.53,3.79,13.39,10.71,5.33
  17  8,14.1,13.49,9.3,2.83,1.08,19.19,11.19,999.0,17.91,11.83,1.65,15.89,3.75,7.33,9.58,15.07,11.01,3.3,5.72,5.1,10.23,9.4,7.58,5.38,15.36,11.37,4.64,10.29,5.78,13.95,0.26,9.87,1.65,3.88,9.56,10.59,14.95,4.81,11.6,13.44
  18  9,4.33,15.48,12.85,20.29,18.99,16.86,6.74,17.91,999.0,6.93,19.42,5.85,19.13,15.7,8.66,3.67,7.39,17.74,20.87,18.0,12.98,13.26,16.37,17.04,2.58,7.2,21.25,15.97,12.14,4.21,18.09,8.81,19.42,15.02,11.37,12.67,2.97,19.98,15.33,8.0
  19  10,2.6,14.6,10.24,13.88,12.87,18.19,3.08,11.83,6.93,999.0,13.16,4.28,13.91,12.07,2.31,3.44,4.79,12.55,14.05,13.36,6.34,10.7,12.79,10.16,4.88,5.09,14.6,13.57,6.22,4.58,12.05,2.02,13.16,8.45,4.52,6.11,4.32,14.94,13.62,8.33
  20  11,15.51,14.93,10.88,1.22,0.77,20.66,12.72,1.65,19.42,13.16,999.0,17.11,4.41,8.74,10.96,16.47,12.61,4.44,4.59,6.16,10.88,10.96,8.9,5.42,16.88,12.99,3.19,11.66,7.28,15.5,1.6,11.16,0.0,4.85,10.49,11.27,16.45,5.28,13.03,15.1
  21  12,3.44,18.13,14.17,17.71,16.89,20.95,6.71,15.89,5.85,4.28,17.11,999.0,18.16,16.24,6.56,2.97,8.32,16.81,17.35,17.64,8.18,14.62,16.96,13.39,5.44,8.46,18.17,17.52,10.44,6.45,16.12,6.07,17.11,12.28,7.16,7.78,5.05,19.2,17.38,11.08
  22  13,15.83,11.23,8.1,5.47,3.73,16.99,12.48,3.75,19.13,13.91,4.41,18.16,999.0,5.22,11.61,16.81,11.79,1.39,9.0,2.06,13.58,8.02,5.12,9.13,16.55,12.05,7.48,7.85,7.73,14.95,3.52,12.13,4.41,7.19,12.59,13.9,16.24,1.13,9.35,13.23
  23  14,13.27,6.19,3.18,9.95,7.97,11.94,9.69,7.33,15.7,12.07,8.74,16.24,5.22,999.0,10.01,14.19,8.44,4.41,13.03,3.23,14.16,2.96,0.72,11.68,13.24,8.54,11.91,2.96,7.05,11.53,7.25,10.81,8.74,8.77,12.55,14.34,13.07,5.44,4.29,8.67
  24  15,4.56,13.2,8.54,11.74,10.63,17.34,2.75,9.58,8.66,2.31,10.96,6.56,11.61,10.01,999.0,5.51,4.04,10.25,12.23,11.1,6.01,8.98,10.72,8.47,6.28,4.45,12.6,11.78,3.92,5.37,9.79,0.91,10.96,6.37,3.96,5.93,5.78,12.64,12.02,7.85
  25  16,0.98,15.43,11.79,17.24,16.13,18.01,4.5,15.07,3.67,3.44,16.47,2.97,16.81,14.19,5.51,999.0,5.86,15.42,17.49,15.99,9.31,12.24,14.9,13.59,2.51,5.9,18.02,15.13,9.32,3.53,15.27,5.43,16.47,11.84,7.74,8.99,2.08,17.77,14.83,8.2
  26  17,5.02,9.88,5.93,13.63,12.08,13.46,1.72,11.01,7.39,4.79,12.61,8.32,11.79,8.44,4.04,5.86,999.0,10.41,15.0,10.61,10.04,6.38,9.14,11.63,4.85,0.45,14.94,9.27,5.57,3.18,11.15,4.88,12.61,8.91,8.0,9.96,4.64,12.61,9.07,3.82
  27  18,14.44,10.58,7.01,5.63,3.68,16.34,11.09,3.3,17.74,12.55,4.44,16.81,1.39,4.41,10.25,15.42,10.41,999.0,8.95,1.8,12.51,6.99,4.49,8.47,15.17,10.68,7.63,7.26,6.39,13.57,3.14,10.79,4.44,6.2,11.41,12.81,14.85,2.39,8.68,11.97
  28  19,16.63,19.15,14.73,3.62,5.31,24.8,14.6,5.72,20.87,14.05,4.59,17.35,9.0,13.03,12.23,17.49,15.0,8.95,999.0,10.71,9.69,14.9,13.29,3.96,18.51,15.43,1.9,16.0,9.46,17.43,5.83,12.08,4.59,6.1,10.19,10.13,18.01,9.83,17.28,18.12
  29  20,15.03,9.17,6.26,7.31,5.41,14.93,11.54,5.1,18.0,13.36,6.16,17.64,2.06,3.23,11.1,15.99,10.61,1.8,10.71,999.0,13.98,6.13,3.07,10.23,15.46,10.82,9.32,5.79,7.43,13.79,4.93,11.75,6.16,7.81,12.73,14.25,15.2,2.23,7.29,11.59
  30  21,8.73,18.61,13.69,11.05,10.96,23.18,8.66,10.23,12.98,6.34,10.88,8.18,13.58,14.16,6.01,9.31,10.04,12.51,9.69,13.98,999.0,14.08,14.79,5.92,11.19,10.46,10.9,16.57,7.13,10.87,10.49,5.21,10.88,6.42,2.04,0.44,10.63,14.71,17.16,13.86
  31  22,11.39,4.61,0.46,12.18,10.22,9.96,7.91,9.4,13.26,10.7,10.96,14.62,8.02,2.96,8.98,12.24,6.38,6.99,14.9,6.13,14.08,999.0,3.44,12.85,10.93,6.36,14.04,2.9,7.11,9.22,9.38,9.87,10.96,9.75,12.24,14.18,10.85,8.36,3.08,5.81
  32  23,13.98,6.12,3.71,10.1,8.13,11.89,10.41,7.58,16.37,12.79,8.9,16.96,5.12,0.72,10.72,14.9,9.14,4.49,13.29,3.07,14.79,3.44,999.0,12.12,13.93,9.23,12.09,2.77,7.71,12.21,7.47,11.52,8.9,9.28,13.22,14.99,13.76,5.19,4.23,9.23
  33  24,12.75,17.39,12.58,5.3,5.74,22.77,10.99,5.38,17.04,10.16,5.42,13.39,9.13,11.68,8.47,13.59,11.63,8.47,3.96,10.23,5.92,12.85,12.12,999.0,14.74,12.07,4.98,14.56,6.33,13.78,5.62,8.23,5.42,3.11,6.24,6.36,14.22,10.2,15.61,15.05
  34  25,2.56,13.58,10.51,17.77,16.43,15.71,4.17,15.36,2.58,4.88,16.88,5.44,16.55,13.24,6.28,2.51,4.85,15.17,18.51,15.46,11.19,10.93,13.93,14.74,999.0,4.7,18.8,13.73,9.6,1.72,15.53,6.56,16.88,12.57,9.4,10.92,0.56,17.41,13.22,6.14
  35  26,5.1,9.69,5.92,14.02,12.44,13.13,2.01,11.37,7.2,5.09,12.99,8.46,12.05,8.54,4.45,5.9,0.45,10.68,15.43,10.82,10.46,6.36,9.23,12.07,4.7,999.0,15.34,9.23,5.98,3.0,11.5,5.28,12.99,9.34,8.42,10.37,4.54,12.84,8.95,3.41
  36  27,17.12,18.1,13.92,2.02,3.96,23.82,14.75,4.64,21.25,14.6,3.19,18.17,7.48,11.91,12.6,18.02,14.94,7.63,1.9,9.32,10.9,14.04,12.09,4.98,18.8,15.34,999.0,14.84,9.39,17.59,4.68,12.59,3.19,6.23,11.11,11.34,18.33,8.2,16.2,17.78
  37  28,14.29,3.38,3.36,12.86,10.89,9.13,10.81,10.29,15.97,13.57,11.66,17.52,7.85,2.96,11.78,15.13,9.27,7.26,16.0,5.79,16.57,2.9,2.77,14.56,13.73,9.23,14.84,999.0,9.46,12.03,10.2,12.65,11.66,11.59,14.82,16.71,13.67,7.79,1.55,8.21
  38  29,8.35,11.72,6.76,8.2,6.85,16.75,5.45,5.78,12.14,6.22,7.28,10.44,7.73,7.05,3.92,9.32,5.57,6.39,9.46,7.43,7.13,7.11,7.71,6.33,9.6,5.98,9.39,9.46,999.0,8.26,5.97,4.4,7.28,3.39,5.51,7.3,9.18,8.78,10.14,8.74
  39  30,3.08,12.01,8.79,16.45,15.02,14.5,2.84,13.95,4.21,4.58,15.5,6.45,14.95,11.53,5.37,3.53,3.18,13.57,17.43,13.79,10.87,9.22,12.21,13.78,1.72,3.0,17.59,12.03,8.26,999.0,14.1,5.85,15.5,11.4,8.94,10.66,1.67,15.78,11.56,4.68
  40  31,14.3,13.42,9.29,2.81,0.94,19.13,11.35,0.26,18.09,12.05,1.6,16.12,3.52,7.25,9.79,15.27,11.15,3.14,5.83,4.93,10.49,9.38,7.47,5.62,15.53,11.5,4.68,10.2,5.97,14.1,999.0,10.09,1.6,4.13,9.82,10.85,15.12,4.57,11.53,13.52
  41  32,4.55,14.11,9.43,11.86,10.89,18.24,3.45,9.87,8.81,2.02,11.16,6.07,12.13,10.81,0.91,5.43,4.88,10.79,12.08,11.75,5.21,9.87,11.52,8.23,6.56,5.28,12.59,12.65,4.4,5.85,10.09,999.0,11.16,6.44,3.19,5.1,6.02,13.18,12.92,8.68
  42  33,15.51,14.93,10.88,1.22,0.77,20.66,12.72,1.65,19.42,13.16,0.0,17.11,4.41,8.74,10.96,16.47,12.61,4.44,4.59,6.16,10.88,10.96,8.9,5.42,16.88,12.99,3.19,11.66,7.28,15.5,1.6,11.16,999.0,4.85,10.49,11.27,16.45,5.28,13.03,15.1
  43  34,10.92,14.32,9.48,5.44,4.74,19.67,8.55,3.88,15.02,8.45,4.85,12.28,7.19,8.77,6.37,11.84,8.91,6.2,6.1,7.81,6.42,9.75,9.28,3.11,12.57,9.34,6.23,11.59,3.39,11.4,4.13,6.44,4.85,999.0,5.7,6.76,12.09,8.31,12.57,12.12
  44  35,7.05,16.71,11.83,10.89,10.43,21.17,6.64,9.56,11.37,4.52,10.49,7.16,12.59,12.55,3.96,7.74,8.0,11.41,10.19,12.73,2.04,12.24,13.22,6.24,9.4,8.42,11.11,14.82,5.51,8.94,9.82,3.19,10.49,5.7,999.0,2.0,8.84,13.71,15.32,11.82
  45  36,8.44,18.68,13.78,11.47,11.34,23.17,8.53,10.59,12.67,6.11,11.27,7.78,13.9,14.34,5.93,8.99,9.96,12.81,10.13,14.25,0.44,14.18,14.99,6.36,10.92,10.37,11.34,16.71,7.3,10.66,10.85,5.1,11.27,6.76,2.0,999.0,10.36,15.03,17.27,13.78
  46  37,2.03,13.67,10.42,17.33,16.02,15.98,3.79,14.95,2.97,4.32,16.45,5.05,16.24,13.07,5.78,2.08,4.64,14.85,18.01,15.2,10.63,10.85,13.76,14.22,0.56,4.54,18.33,13.67,9.18,1.67,15.12,6.02,16.45,12.09,8.84,10.36,999.0,17.12,13.23,6.29
  47  38,16.79,11.16,8.49,6.23,4.65,16.87,13.39,4.81,19.98,14.94,5.28,19.2,1.13,5.44,12.64,17.77,12.61,2.39,9.83,2.23,14.71,8.36,5.19,10.2,17.41,12.84,8.2,7.79,8.78,15.78,4.57,13.18,5.28,8.31,13.71,15.03,17.12,999.0,9.33,13.8
  48  39,14.05,1.9,3.5,14.24,12.26,7.66,10.71,11.6,15.33,13.62,13.03,17.38,9.35,4.29,12.02,14.83,9.07,8.68,17.28,7.29,17.16,3.08,4.23,15.61,13.22,8.95,16.2,1.55,10.14,11.56,11.53,12.92,13.03,12.57,15.32,17.27,13.23,9.33,999.0,7.39
  49  40,7.65,7.49,5.51,16.23,14.45,9.94,5.33,13.44,8.0,8.33,15.1,11.08,13.23,8.67,7.85,8.2,3.82,11.97,18.12,11.59,13.86,5.81,9.23,15.05,6.14,3.41,17.78,8.21,8.74,4.68,13.52,8.68,15.1,12.12,11.82,13.78,6.29,13.8,7.39,999.0
  51   
  52  variable z;
  53  positive Variable u(i);
  54  binary variable x(i,j);
  55   
  56  Equations
  57  Obj, r1, r2, r3;
  58   
  59  Obj.. z=E=sum((i,j),c(i,j)*x(i,j));
  60  r1(j).. sum(i,x(i,j))=E=1;
  61  r2(i).. sum(j,x(i,j))=E=1;
  62  r3(i,j)$(ord(i)>1 and ord(j)>1 and ord(i)<>ord(j)).. u(i)-u(j)+card(i)*x(i,j)=l=card(i)-1
  63   
  64  model transpor_1 /all/;
  65  solve transpor_1 using MIP minimizing z;
  66   
  67   
  68   
GAMS 46.5.0  a671108d May 8, 2024           WEX-WEI x86 64bit/MS Windows - 09/07/24 13:02:49 Page 2
G e n e r a l   A l g e b r a i c   M o d e l i n g   S y s t e m
Include File Summary


   SEQ   GLOBAL TYPE      PARENT   LOCAL  FILENAME

     1        1 INPUT          0       0  C:\Users\progra.DESKTOP-GV4Q93K\Documents\Vstudio\Geneticos\retointegrador\reto7.gms
     2        8 INCLUDE        1       8  .C:\Users\progra.DESKTOP-GV4Q93K\Documents\Vstudio\Geneticos\retointegrador\dist_matrix6.csv


COMPILATION TIME     =        0.516 SECONDS      3 MB  46.5.0 a671108d WEX-WEI
GAMS 46.5.0  a671108d May 8, 2024           WEX-WEI x86 64bit/MS Windows - 09/07/24 13:02:49 Page 3
G e n e r a l   A l g e b r a i c   M o d e l i n g   S y s t e m
Equation Listing    SOLVE transpor_1 Using MIP From line 65


---- Obj  =E=  

Obj..  z - 999*x(1,1) - 14.72*x(1,2) - 10.94*x(1,3) - 16.3*x(1,4) - 15.16*x(1,5) - 17.55*x(1,6) - 3.57*x(1,7) - 14.1*x(1,8) - 4.33*x(1,9) - 2.6*x(1,10) - 15.51*x(1,11) - 3.44*x(1,12) - 15.83*x(1,13) - 13.27*x(1,14) - 4.56*x(1,15) - 0.98*x(1,16) - 5.02*x(1,17) - 14.44*x(1,18) - 16.63*x(1,19) - 15.03*x(1,20) - 8.73*x(1,21) - 11.39*x(1,22) - 13.98*x(1,23) - 12.75*x(1,24) - 2.56*x(1,25) - 5.1*x(1,26) - 17.12*x(1,27) - 14.29*x(1,28) - 8.35*x(1,29) - 3.08*x(1,30) - 14.3*x(1,31) - 4.55*x(1,32) - 15.51*x(1,33) - 10.92*x(1,34) - 7.05*x(1,35) - 8.44*x(1,36) - 2.03*x(1,37) - 16.79*x(1,38) - 14.05*x(1,39) - 7.65*x(1,40) - 14.72*x(2,1) - 999*x(2,2) - 4.96*x(2,3) - 16.14*x(2,4) - 14.16*x(2,5) - 5.76*x(2,6) - 11.58*x(2,7) - 13.49*x(2,8) - 15.48*x(2,9) - 14.6*x(2,10) - 14.93*x(2,11) - 18.13*x(2,12) - 11.23*x(2,13) - 6.19*x(2,14) - 13.2*x(2,15) - 15.43*x(2,16) - 9.88*x(2,17) - 10.58*x(2,18) - 19.15*x(2,19) - 9.17*x(2,20) - 18.61*x(2,21) - 4.61*x(2,22) - 6.12*x(2,23) - 17.39*x(2,24) - 13.58*x(2,25) - 9.69*x(2,26) - 18.1*x(2,27) - 3.38*x(2,28) - 11.72*x(2,29) - 12.01*x(2,30) - 13.42*x(2,31) - 14.11*x(2,32) - 14.93*x(2,33) - 14.32*x(2,34) - 16.71*x(2,35) - 18.68*x(2,36) - 13.67*x(2,37) - 11.16*x(2,38) - 1.9*x(2,39) - 7.49*x(2,40) - 10.94*x(3,1) - 4.96*x(3,2) - 999*x(3,3) - 12.1*x(3,4) - 10.15*x(3,5) - 10.19*x(3,6) - 7.46*x(3,7) - 9.3*x(3,8) - 12.85*x(3,9) - 10.24*x(3,10) - 10.88*x(3,11) - 14.17*x(3,12) - 8.1*x(3,13) - 3.18*x(3,14) - 8.54*x(3,15) - 11.79*x(3,16) - 5.93*x(3,17) - 7.01*x(3,18) - 14.73*x(3,19) - 6.26*x(3,20) - 13.69*x(3,21) - 0.46*x(3,22) - 3.71*x(3,23) - 12.58*x(3,24) - 10.51*x(3,25) - 5.92*x(3,26) - 13.92*x(3,27) - 3.36*x(3,28) - 6.76*x(3,29) - 8.79*x(3,30) - 9.29*x(3,31) - 9.43*x(3,32) - 10.88*x(3,33) - 9.48*x(3,34) - 11.83*x(3,35) - 13.78*x(3,36) - 10.42*x(3,37) - 8.49*x(3,38) - 3.5*x(3,39) - 5.51*x(3,40) - 16.3*x(4,1) - 16.14*x(4,2) - 12.1*x(4,3) - 999*x(4,4) - 1.99*x(4,5) - 21.88*x(4,6) - 13.64*x(4,7) - 2.83*x(4,8) - 20.29*x(4,9) - 13.88*x(4,10) - 1.22*x(4,11) - 17.71*x(4,12) - 5.47*x(4,13) - 9.95*x(4,14) - 11.74*x(4,15) - 17.24*x(4,16) - 13.63*x(4,17) - 5.63*x(4,18) - 3.62*x(4,19) - 7.31*x(4,20) - 11.05*x(4,21) - 12.18*x(4,22) - 10.1*x(4,23) - 5.3*x(4,24) - 17.77*x(4,25) - 14.02*x(4,26) - 2.02*x(4,27) - 12.86*x(4,28) - 8.2*x(4,29) - 16.45*x(4,30) - 2.81*x(4,31) - 11.86*x(4,32) - 1.22*x(4,33) - 5.44*x(4,34) - 10.89*x(4,35) - 11.47*x(4,36) - 17.33*x(4,37) - 6.23*x(4,38) - 14.24*x(4,39) - 16.23*x(4,40) - 15.16*x(5,1) - 14.16*x(5,2) - 10.15*x(5,3) - 1.99*x(5,4) - 999*x(5,5) - 19.9*x(5,6) - 12.26*x(5,7) - 1.08*x(5,8) - 18.99*x(5,9) - 12.87*x(5,10) - 0.77*x(5,11) - 16.89*x(5,12) - 3.73*x(5,13) - 7.97*x(5,14) - 10.63*x(5,15) - 16.13*x(5,16) - 12.08*x(5,17) - 3.68*x(5,18) - 5.31*x(5,19) - 5.41*x(5,20) - 10.96*x(5,21) - 10.22*x(5,22) - 8.13*x(5,23) - 5.74*x(5,24) - 16.43*x(5,25) - 12.44*x(5,26) - 3.96*x(5,27) - 10.89*x(5,28) - 6.85*x(5,29) - 15.02*x(5,30) - 0.94*x(5,31) - 10.89*x(5,32) - 0.77*x(5,33) - 4.74*x(5,34) - 10.43*x(5,35) - 11.34*x(5,36) - 16.02*x(5,37) - 4.65*x(5,38) - 12.26*x(5,39) - 14.45*x(5,40) - 17.55*x(6,1) - 5.76*x(6,2) - 10.19*x(6,3) - 21.88*x(6,4) - 19.9*x(6,5) - 999*x(6,6) - 15.13*x(6,7) - 19.19*x(6,8) - 16.86*x(6,9) - 18.19*x(6,10) - 20.66*x(6,11) - 20.95*x(6,12) - 16.99*x(6,13) - 11.94*x(6,14) - 17.34*x(6,15) - 18.01*x(6,16) - 13.46*x(6,17) - 16.34*x(6,18) - 24.8*x(6,19) - 14.93*x(6,20) - 23.18*x(6,21) - 9.96*x(6,22) - 11.89*x(6,23) - 22.77*x(6,24) - 15.71*x(6,25) - 13.13*x(6,26) - 23.82*x(6,27) - 9.13*x(6,28) - 16.75*x(6,29) - 14.5*x(6,30) - 19.13*x(6,31) - 18.24*x(6,32) - 20.66*x(6,33) - 19.67*x(6,34) - 21.17*x(6,35) - 23.17*x(6,36) - 15.98*x(6,37) - 16.87*x(6,38) - 7.66*x(6,39) - 9.94*x(6,40) - 3.57*x(7,1) - 11.58*x(7,2) - 7.46*x(7,3) - 13.64*x(7,4) - 12.26*x(7,5) - 15.13*x(7,6) - 999*x(7,7) - 11.19*x(7,8) - 6.74*x(7,9) - 3.08*x(7,10) - 12.72*x(7,11) - 6.71*x(7,12) - 12.48*x(7,13) - 9.69*x(7,14) - 2.75*x(7,15) - 4.5*x(7,16) - 1.72*x(7,17) - 11.09*x(7,18) - 14.6*x(7,19) - 11.54*x(7,20) - 8.66*x(7,21) - 7.91*x(7,22) - 10.41*x(7,23) - 10.99*x(7,24) - 4.17*x(7,25) - 2.01*x(7,26) - 14.75*x(7,27) - 10.81*x(7,28) - 5.45*x(7,29) - 2.84*x(7,30) - 11.35*x(7,31) - 3.45*x(7,32) - 12.72*x(7,33) - 8.55*x(7,34) - 6.64*x(7,35) - 8.53*x(7,36) - 3.79*x(7,37) - 13.39*x(7,38) - 10.71*x(7,39) - 5.33*x(7,40) - 14.1*x(8,1) - 13.49*x(8,2) - 9.3*x(8,3) - 2.83*x(8,4) - 1.08*x(8,5) - 19.19*x(8,6) - 11.19*x(8,7) - 999*x(8,8) - 17.91*x(8,9) - 11.83*x(8,10) - 1.65*x(8,11) - 15.89*x(8,12) - 3.75*x(8,13) - 7.33*x(8,14) - 9.58*x(8,15) - 15.07*x(8,16) - 11.01*x(8,17) - 3.3*x(8,18) - 5.72*x(8,19) - 5.1*x(8,20) - 10.23*x(8,21) - 9.4*x(8,22) - 7.58*x(8,23) - 5.38*x(8,24) - 15.36*x(8,25) - 11.37*x(8,26) - 4.64*x(8,27) - 10.29*x(8,28) - 5.78*x(8,29) - 13.95*x(8,30) - 0.26*x(8,31) - 9.87*x(8,32) - 1.65*x(8,33) - 3.88*x(8,34) - 9.56*x(8,35) - 10.59*x(8,36) - 14.95*x(8,37) - 4.81*x(8,38) - 11.6*x(8,39) - 13.44*x(8,40) - 4.33*x(9,1) - 15.48*x(9,2) - 12.85*x(9,3) - 20.29*x(9,4) - 18.99*x(9,5) - 16.86*x(9,6) - 6.74*x(9,7) - 17.91*x(9,8) - 999*x(9,9) - 6.93*x(9,10) - 19.42*x(9,11) - 5.85*x(9,12) - 19.13*x(9,13) - 15.7*x(9,14) - 8.66*x(9,15) - 3.67*x(9,16) - 7.39*x(9,17) - 17.74*x(9,18) - 20.87*x(9,19) - 18*x(9,20) - 12.98*x(9,21) - 13.26*x(9,22) - 16.37*x(9,23) - 17.04*x(9,24) - 2.58*x(9,25) - 7.2*x(9,26) - 21.25*x(9,27) - 15.97*x(9,28) - 12.14*x(9,29) - 4.21*x(9,30) - 18.09*x(9,31) - 8.81*x(9,32) - 19.42*x(9,33) - 15.02*x(9,34) - 11.37*x(9,35) - 12.67*x(9,36) - 2.97*x(9,37) - 19.98*x(9,38) - 15.33*x(9,39) - 8*x(9,40) - 2.6*x(10,1) - 14.6*x(10,2) - 10.24*x(10,3) - 13.88*x(10,4) - 12.87*x(10,5) - 18.19*x(10,6) - 3.08*x(10,7) - 11.83*x(10,8) - 6.93*x(10,9) - 999*x(10,10) - 13.16*x(10,11) - 4.28*x(10,12) - 13.91*x(10,13) - 12.07*x(10,14) - 2.31*x(10,15) - 3.44*x(10,16) - 4.79*x(10,17) - 12.55*x(10,18) - 14.05*x(10,19) - 13.36*x(10,20) - 6.34*x(10,21) - 10.7*x(10,22) - 12.79*x(10,23) - 10.16*x(10,24) - 4.88*x(10,25) - 5.09*x(10,26) - 14.6*x(10,27) - 13.57*x(10,28) - 6.22*x(10,29) - 4.58*x(10,30) - 12.05*x(10,31) - 2.02*x(10,32) - 13.16*x(10,33) - 8.45*x(10,34) - 4.52*x(10,35) - 6.11*x(10,36) - 4.32*x(10,37) - 14.94*x(10,38) - 13.62*x(10,39) - 8.33*x(10,40) - 15.51*x(11,1) - 14.93*x(11,2) - 10.88*x(11,3) - 1.22*x(11,4) - 0.77*x(11,5) - 20.66*x(11,6) - 12.72*x(11,7) - 1.65*x(11,8) - 19.42*x(11,9) - 13.16*x(11,10) - 999*x(11,11) - 17.11*x(11,12) - 4.41*x(11,13) - 8.74*x(11,14) - 10.96*x(11,15) - 16.47*x(11,16) - 12.61*x(11,17) - 4.44*x(11,18) - 4.59*x(11,19) - 6.16*x(11,20) - 10.88*x(11,21) - 10.96*x(11,22) - 8.9*x(11,23) - 5.42*x(11,24) - 16.88*x(11,25) - 12.99*x(11,26) - 3.19*x(11,27) - 11.66*x(11,28) - 7.28*x(11,29) - 15.5*x(11,30) - 1.6*x(11,31) - 11.16*x(11,32) - 4.85*x(11,34) - 10.49*x(11,35) - 11.27*x(11,36) - 16.45*x(11,37) - 5.28*x(11,38) - 13.03*x(11,39) - 15.1*x(11,40) - 3.44*x(12,1) - 18.13*x(12,2) - 14.17*x(12,3) - 17.71*x(12,4) - 16.89*x(12,5) - 20.95*x(12,6) - 6.71*x(12,7) - 15.89*x(12,8) - 5.85*x(12,9) - 4.28*x(12,10) - 17.11*x(12,11) - 999*x(12,12) - 18.16*x(12,13) - 16.24*x(12,14) - 6.56*x(12,15) - 2.97*x(12,16) - 8.32*x(12,17) - 16.81*x(12,18) - 17.35*x(12,19) - 17.64*x(12,20) - 8.18*x(12,21) - 14.62*x(12,22) - 16.96*x(12,23) - 13.39*x(12,24) - 5.44*x(12,25) - 8.46*x(12,26) - 18.17*x(12,27) - 17.52*x(12,28) - 10.44*x(12,29) - 6.45*x(12,30) - 16.12*x(12,31) - 6.07*x(12,32) - 17.11*x(12,33) - 12.28*x(12,34) - 7.16*x(12,35) - 7.78*x(12,36) - 5.05*x(12,37) - 19.2*x(12,38) - 17.38*x(12,39) - 11.08*x(12,40) - 15.83*x(13,1) - 11.23*x(13,2) - 8.1*x(13,3) - 5.47*x(13,4) - 3.73*x(13,5) - 16.99*x(13,6) - 12.48*x(13,7) - 3.75*x(13,8) - 19.13*x(13,9) - 13.91*x(13,10) - 4.41*x(13,11) - 18.16*x(13,12) - 999*x(13,13) - 5.22*x(13,14) - 11.61*x(13,15) - 16.81*x(13,16) - 11.79*x(13,17) - 1.39*x(13,18) - 9*x(13,19) - 2.06*x(13,20) - 13.58*x(13,21) - 8.02*x(13,22) - 5.12*x(13,23) - 9.13*x(13,24) - 16.55*x(13,25) - 12.05*x(13,26) - 7.48*x(13,27) - 7.85*x(13,28) - 7.73*x(13,29) - 14.95*x(13,30) - 3.52*x(13,31) - 12.13*x(13,32) - 4.41*x(13,33) - 7.19*x(13,34) - 12.59*x(13,35) - 13.9*x(13,36) - 16.24*x(13,37) - 1.13*x(13,38) - 9.35*x(13,39) - 13.23*x(13,40) - 13.27*x(14,1) - 6.19*x(14,2) - 3.18*x(14,3) - 9.95*x(14,4) - 7.97*x(14,5) - 11.94*x(14,6) - 9.69*x(14,7) - 7.33*x(14,8) - 15.7*x(14,9) - 12.07*x(14,10) - 8.74*x(14,11) - 16.24*x(14,12) - 5.22*x(14,13) - 999*x(14,14) - 10.01*x(14,15) - 14.19*x(14,16) - 8.44*x(14,17) - 4.41*x(14,18) - 13.03*x(14,19) - 3.23*x(14,20) - 14.16*x(14,21) - 2.96*x(14,22) - 0.72*x(14,23) - 11.68*x(14,24) - 13.24*x(14,25) - 8.54*x(14,26) - 11.91*x(14,27) - 2.96*x(14,28) - 7.05*x(14,29) - 11.53*x(14,30) - 7.25*x(14,31) - 10.81*x(14,32) - 8.74*x(14,33) - 8.77*x(14,34) - 12.55*x(14,35) - 14.34*x(14,36) - 13.07*x(14,37) - 5.44*x(14,38) - 4.29*x(14,39) - 8.67*x(14,40) - 4.56*x(15,1) - 13.2*x(15,2) - 8.54*x(15,3) - 11.74*x(15,4) - 10.63*x(15,5) - 17.34*x(15,6) - 2.75*x(15,7) - 9.58*x(15,8) - 8.66*x(15,9) - 2.31*x(15,10) - 10.96*x(15,11) - 6.56*x(15,12) - 11.61*x(15,13) - 10.01*x(15,14) - 999*x(15,15) - 5.51*x(15,16) - 4.04*x(15,17) - 10.25*x(15,18) - 12.23*x(15,19) - 11.1*x(15,20) - 6.01*x(15,21) - 8.98*x(15,22) - 10.72*x(15,23) - 8.47*x(15,24) - 6.28*x(15,25) - 4.45*x(15,26) - 12.6*x(15,27) - 11.78*x(15,28) - 3.92*x(15,29) - 5.37*x(15,30) - 9.79*x(15,31) - 0.91*x(15,32) - 10.96*x(15,33) - 6.37*x(15,34) - 3.96*x(15,35) - 5.93*x(15,36) - 5.78*x(15,37) - 12.64*x(15,38) - 12.02*x(15,39) - 7.85*x(15,40) - 0.98*x(16,1) - 15.43*x(16,2) - 11.79*x(16,3) - 17.24*x(16,4) - 16.13*x(16,5) - 18.01*x(16,6) - 4.5*x(16,7) - 15.07*x(16,8) - 3.67*x(16,9) - 3.44*x(16,10) - 16.47*x(16,11) - 2.97*x(16,12) - 16.81*x(16,13) - 14.19*x(16,14) - 5.51*x(16,15) - 999*x(16,16) - 5.86*x(16,17) - 15.42*x(16,18) - 17.49*x(16,19) - 15.99*x(16,20) - 9.31*x(16,21) - 12.24*x(16,22) - 14.9*x(16,23) - 13.59*x(16,24) - 2.51*x(16,25) - 5.9*x(16,26) - 18.02*x(16,27) - 15.13*x(16,28) - 9.32*x(16,29) - 3.53*x(16,30) - 15.27*x(16,31) - 5.43*x(16,32) - 16.47*x(16,33) - 11.84*x(16,34) - 7.74*x(16,35) - 8.99*x(16,36) - 2.08*x(16,37) - 17.77*x(16,38) - 14.83*x(16,39) - 8.2*x(16,40) - 5.02*x(17,1) - 9.88*x(17,2) - 5.93*x(17,3) - 13.63*x(17,4) - 12.08*x(17,5) - 13.46*x(17,6) - 1.72*x(17,7) - 11.01*x(17,8) - 7.39*x(17,9) - 4.79*x(17,10) - 12.61*x(17,11) - 8.32*x(17,12) - 11.79*x(17,13) - 8.44*x(17,14) - 4.04*x(17,15) - 5.86*x(17,16) - 999*x(17,17) - 10.41*x(17,18) - 15*x(17,19) - 10.61*x(17,20) - 10.04*x(17,21) - 6.38*x(17,22) - 9.14*x(17,23) - 11.63*x(17,24) - 4.85*x(17,25) - 0.45*x(17,26) - 14.94*x(17,27) - 9.27*x(17,28) - 5.57*x(17,29) - 3.18*x(17,30) - 11.15*x(17,31) - 4.88*x(17,32) - 12.61*x(17,33) - 8.91*x(17,34) - 8*x(17,35) - 9.96*x(17,36) - 4.64*x(17,37) - 12.61*x(17,38) - 9.07*x(17,39) - 3.82*x(17,40) - 14.44*x(18,1) - 10.58*x(18,2) - 7.01*x(18,3) - 5.63*x(18,4) - 3.68*x(18,5) - 16.34*x(18,6) - 11.09*x(18,7) - 3.3*x(18,8) - 17.74*x(18,9) - 12.55*x(18,10) - 4.44*x(18,11) - 16.81*x(18,12) - 1.39*x(18,13) - 4.41*x(18,14) - 10.25*x(18,15) - 15.42*x(18,16) - 10.41*x(18,17) - 999*x(18,18) - 8.95*x(18,19) - 1.8*x(18,20) - 12.51*x(18,21) - 6.99*x(18,22) - 4.49*x(18,23) - 8.47*x(18,24) - 15.17*x(18,25) - 10.68*x(18,26) - 7.63*x(18,27) - 7.26*x(18,28) - 6.39*x(18,29) - 13.57*x(18,30) - 3.14*x(18,31) - 10.79*x(18,32) - 4.44*x(18,33) - 6.2*x(18,34) - 11.41*x(18,35) - 12.81*x(18,36) - 14.85*x(18,37) - 2.39*x(18,38) - 8.68*x(18,39) - 11.97*x(18,40) - 16.63*x(19,1) - 19.15*x(19,2) - 14.73*x(19,3) - 3.62*x(19,4) - 5.31*x(19,5) - 24.8*x(19,6) - 14.6*x(19,7) - 5.72*x(19,8) - 20.87*x(19,9) - 14.05*x(19,10) - 4.59*x(19,11) - 17.35*x(19,12) - 9*x(19,13) - 13.03*x(19,14) - 12.23*x(19,15) - 17.49*x(19,16) - 15*x(19,17) - 8.95*x(19,18) - 999*x(19,19) - 10.71*x(19,20) - 9.69*x(19,21) - 14.9*x(19,22) - 13.29*x(19,23) - 3.96*x(19,24) - 18.51*x(19,25) - 15.43*x(19,26) - 1.9*x(19,27) - 16*x(19,28) - 9.46*x(19,29) - 17.43*x(19,30) - 5.83*x(19,31) - 12.08*x(19,32) - 4.59*x(19,33) - 6.1*x(19,34) - 10.19*x(19,35) - 10.13*x(19,36) - 18.01*x(19,37) - 9.83*x(19,38) - 17.28*x(19,39) - 18.12*x(19,40) - 15.03*x(20,1) - 9.17*x(20,2) - 6.26*x(20,3) - 7.31*x(20,4) - 5.41*x(20,5) - 14.93*x(20,6) - 11.54*x(20,7) - 5.1*x(20,8) - 18*x(20,9) - 13.36*x(20,10) - 6.16*x(20,11) - 17.64*x(20,12) - 2.06*x(20,13) - 3.23*x(20,14) - 11.1*x(20,15) - 15.99*x(20,16) - 10.61*x(20,17) - 1.8*x(20,18) - 10.71*x(20,19) - 999*x(20,20) - 13.98*x(20,21) - 6.13*x(20,22) - 3.07*x(20,23) - 10.23*x(20,24) - 15.46*x(20,25) - 10.82*x(20,26) - 9.32*x(20,27) - 5.79*x(20,28) - 7.43*x(20,29) - 13.79*x(20,30) - 4.93*x(20,31) - 11.75*x(20,32) - 6.16*x(20,33) - 7.81*x(20,34) - 12.73*x(20,35) - 14.25*x(20,36) - 15.2*x(20,37) - 2.23*x(20,38) - 7.29*x(20,39) - 11.59*x(20,40) - 8.73*x(21,1) - 18.61*x(21,2) - 13.69*x(21,3) - 11.05*x(21,4) - 10.96*x(21,5) - 23.18*x(21,6) - 8.66*x(21,7) - 10.23*x(21,8) - 12.98*x(21,9) - 6.34*x(21,10) - 10.88*x(21,11) - 8.18*x(21,12) - 13.58*x(21,13) - 14.16*x(21,14) - 6.01*x(21,15) - 9.31*x(21,16) - 10.04*x(21,17) - 12.51*x(21,18) - 9.69*x(21,19) - 13.98*x(21,20) - 999*x(21,21) - 14.08*x(21,22) - 14.79*x(21,23) - 5.92*x(21,24) - 11.19*x(21,25) - 10.46*x(21,26) - 10.9*x(21,27) - 16.57*x(21,28) - 7.13*x(21,29) - 10.87*x(21,30) - 10.49*x(21,31) - 5.21*x(21,32) - 10.88*x(21,33) - 6.42*x(21,34) - 2.04*x(21,35) - 0.44*x(21,36) - 10.63*x(21,37) - 14.71*x(21,38) - 17.16*x(21,39) - 13.86*x(21,40) - 11.39*x(22,1) - 4.61*x(22,2) - 0.46*x(22,3) - 12.18*x(22,4) - 10.22*x(22,5) - 9.96*x(22,6) - 7.91*x(22,7) - 9.4*x(22,8) - 13.26*x(22,9) - 10.7*x(22,10) - 10.96*x(22,11) - 14.62*x(22,12) - 8.02*x(22,13) - 2.96*x(22,14) - 8.98*x(22,15) - 12.24*x(22,16) - 6.38*x(22,17) - 6.99*x(22,18) - 14.9*x(22,19) - 6.13*x(22,20) - 14.08*x(22,21) - 999*x(22,22) - 3.44*x(22,23) - 12.85*x(22,24) - 10.93*x(22,25) - 6.36*x(22,26) - 14.04*x(22,27) - 2.9*x(22,28) - 7.11*x(22,29) - 9.22*x(22,30) - 9.38*x(22,31) - 9.87*x(22,32) - 10.96*x(22,33) - 9.75*x(22,34) - 12.24*x(22,35) - 14.18*x(22,36) - 10.85*x(22,37) - 8.36*x(22,38) - 3.08*x(22,39) - 5.81*x(22,40) - 13.98*x(23,1) - 6.12*x(23,2) - 3.71*x(23,3) - 10.1*x(23,4) - 8.13*x(23,5) - 11.89*x(23,6) - 10.41*x(23,7) - 7.58*x(23,8) - 16.37*x(23,9) - 12.79*x(23,10) - 8.9*x(23,11) - 16.96*x(23,12) - 5.12*x(23,13) - 0.72*x(23,14) - 10.72*x(23,15) - 14.9*x(23,16) - 9.14*x(23,17) - 4.49*x(23,18) - 13.29*x(23,19) - 3.07*x(23,20) - 14.79*x(23,21) - 3.44*x(23,22) - 999*x(23,23) - 12.12*x(23,24) - 13.93*x(23,25) - 9.23*x(23,26) - 12.09*x(23,27) - 2.77*x(23,28) - 7.71*x(23,29) - 12.21*x(23,30) - 7.47*x(23,31) - 11.52*x(23,32) - 8.9*x(23,33) - 9.28*x(23,34) - 13.22*x(23,35) - 14.99*x(23,36) - 13.76*x(23,37) - 5.19*x(23,38) - 4.23*x(23,39) - 9.23*x(23,40) - 12.75*x(24,1) - 17.39*x(24,2) - 12.58*x(24,3) - 5.3*x(24,4) - 5.74*x(24,5) - 22.77*x(24,6) - 10.99*x(24,7) - 5.38*x(24,8) - 17.04*x(24,9) - 10.16*x(24,10) - 5.42*x(24,11) - 13.39*x(24,12) - 9.13*x(24,13) - 11.68*x(24,14) - 8.47*x(24,15) - 13.59*x(24,16) - 11.63*x(24,17) - 8.47*x(24,18) - 3.96*x(24,19) - 10.23*x(24,20) - 5.92*x(24,21) - 12.85*x(24,22) - 12.12*x(24,23) - 999*x(24,24) - 14.74*x(24,25) - 12.07*x(24,26) - 4.98*x(24,27) - 14.56*x(24,28) - 6.33*x(24,29) - 13.78*x(24,30) - 5.62*x(24,31) - 8.23*x(24,32) - 5.42*x(24,33) - 3.11*x(24,34) - 6.24*x(24,35) - 6.36*x(24,36) - 14.22*x(24,37) - 10.2*x(24,38) - 15.61*x(24,39) - 15.05*x(24,40) - 2.56*x(25,1) - 13.58*x(25,2) - 10.51*x(25,3) - 17.77*x(25,4) - 16.43*x(25,5) - 15.71*x(25,6) - 4.17*x(25,7) - 15.36*x(25,8) - 2.58*x(25,9) - 4.88*x(25,10) - 16.88*x(25,11) - 5.44*x(25,12) - 16.55*x(25,13) - 13.24*x(25,14) - 6.28*x(25,15) - 2.51*x(25,16) - 4.85*x(25,17) - 15.17*x(25,18) - 18.51*x(25,19) - 15.46*x(25,20) - 11.19*x(25,21) - 10.93*x(25,22) - 13.93*x(25,23) - 14.74*x(25,24) - 999*x(25,25) - 4.7*x(25,26) - 18.8*x(25,27) - 13.73*x(25,28) - 9.6*x(25,29) - 1.72*x(25,30) - 15.53*x(25,31) - 6.56*x(25,32) - 16.88*x(25,33) - 12.57*x(25,34) - 9.4*x(25,35) - 10.92*x(25,36) - 0.56*x(25,37) - 17.41*x(25,38) - 13.22*x(25,39) - 6.14*x(25,40) - 5.1*x(26,1) - 9.69*x(26,2) - 5.92*x(26,3) - 14.02*x(26,4) - 12.44*x(26,5) - 13.13*x(26,6) - 2.01*x(26,7) - 11.37*x(26,8) - 7.2*x(26,9) - 5.09*x(26,10) - 12.99*x(26,11) - 8.46*x(26,12) - 12.05*x(26,13) - 8.54*x(26,14) - 4.45*x(26,15) - 5.9*x(26,16) - 0.45*x(26,17) - 10.68*x(26,18) - 15.43*x(26,19) - 10.82*x(26,20) - 10.46*x(26,21) - 6.36*x(26,22) - 9.23*x(26,23) - 12.07*x(26,24) - 4.7*x(26,25) - 999*x(26,26) - 15.34*x(26,27) - 9.23*x(26,28) - 5.98*x(26,29) - 3*x(26,30) - 11.5*x(26,31) - 5.28*x(26,32) - 12.99*x(26,33) - 9.34*x(26,34) - 8.42*x(26,35) - 10.37*x(26,36) - 4.54*x(26,37) - 12.84*x(26,38) - 8.95*x(26,39) - 3.41*x(26,40) - 17.12*x(27,1) - 18.1*x(27,2) - 13.92*x(27,3) - 2.02*x(27,4) - 3.96*x(27,5) - 23.82*x(27,6) - 14.75*x(27,7) - 4.64*x(27,8) - 21.25*x(27,9) - 14.6*x(27,10) - 3.19*x(27,11) - 18.17*x(27,12) - 7.48*x(27,13) - 11.91*x(27,14) - 12.6*x(27,15) - 18.02*x(27,16) - 14.94*x(27,17) - 7.63*x(27,18) - 1.9*x(27,19) - 9.32*x(27,20) - 10.9*x(27,21) - 14.04*x(27,22) - 12.09*x(27,23) - 4.98*x(27,24) - 18.8*x(27,25) - 15.34*x(27,26) - 999*x(27,27) - 14.84*x(27,28) - 9.39*x(27,29) - 17.59*x(27,30) - 4.68*x(27,31) - 12.59*x(27,32) - 3.19*x(27,33) - 6.23*x(27,34) - 11.11*x(27,35) - 11.34*x(27,36) - 18.33*x(27,37) - 8.2*x(27,38) - 16.2*x(27,39) - 17.78*x(27,40) - 14.29*x(28,1) - 3.38*x(28,2) - 3.36*x(28,3) - 12.86*x(28,4) - 10.89*x(28,5) - 9.13*x(28,6) - 10.81*x(28,7) - 10.29*x(28,8) - 15.97*x(28,9) - 13.57*x(28,10) - 11.66*x(28,11) - 17.52*x(28,12) - 7.85*x(28,13) - 2.96*x(28,14) - 11.78*x(28,15) - 15.13*x(28,16) - 9.27*x(28,17) - 7.26*x(28,18) - 16*x(28,19) - 5.79*x(28,20) - 16.57*x(28,21) - 2.9*x(28,22) - 2.77*x(28,23) - 14.56*x(28,24) - 13.73*x(28,25) - 9.23*x(28,26) - 14.84*x(28,27) - 999*x(28,28) - 9.46*x(28,29) - 12.03*x(28,30) - 10.2*x(28,31) - 12.65*x(28,32) - 11.66*x(28,33) - 11.59*x(28,34) - 14.82*x(28,35) - 16.71*x(28,36) - 13.67*x(28,37) - 7.79*x(28,38) - 1.55*x(28,39) - 8.21*x(28,40) - 8.35*x(29,1) - 11.72*x(29,2) - 6.76*x(29,3) - 8.2*x(29,4) - 6.85*x(29,5) - 16.75*x(29,6) - 5.45*x(29,7) - 5.78*x(29,8) - 12.14*x(29,9) - 6.22*x(29,10) - 7.28*x(29,11) - 10.44*x(29,12) - 7.73*x(29,13) - 7.05*x(29,14) - 3.92*x(29,15) - 9.32*x(29,16) - 5.57*x(29,17) - 6.39*x(29,18) - 9.46*x(29,19) - 7.43*x(29,20) - 7.13*x(29,21) - 7.11*x(29,22) - 7.71*x(29,23) - 6.33*x(29,24) - 9.6*x(29,25) - 5.98*x(29,26) - 9.39*x(29,27) - 9.46*x(29,28) - 999*x(29,29) - 8.26*x(29,30) - 5.97*x(29,31) - 4.4*x(29,32) - 7.28*x(29,33) - 3.39*x(29,34) - 5.51*x(29,35) - 7.3*x(29,36) - 9.18*x(29,37) - 8.78*x(29,38) - 10.14*x(29,39) - 8.74*x(29,40) - 3.08*x(30,1) - 12.01*x(30,2) - 8.79*x(30,3) - 16.45*x(30,4) - 15.02*x(30,5) - 14.5*x(30,6) - 2.84*x(30,7) - 13.95*x(30,8) - 4.21*x(30,9) - 4.58*x(30,10) - 15.5*x(30,11) - 6.45*x(30,12) - 14.95*x(30,13) - 11.53*x(30,14) - 5.37*x(30,15) - 3.53*x(30,16) - 3.18*x(30,17) - 13.57*x(30,18) - 17.43*x(30,19) - 13.79*x(30,20) - 10.87*x(30,21) - 9.22*x(30,22) - 12.21*x(30,23) - 13.78*x(30,24) - 1.72*x(30,25) - 3*x(30,26) - 17.59*x(30,27) - 12.03*x(30,28) - 8.26*x(30,29) - 999*x(30,30) - 14.1*x(30,31) - 5.85*x(30,32) - 15.5*x(30,33) - 11.4*x(30,34) - 8.94*x(30,35) - 10.66*x(30,36) - 1.67*x(30,37) - 15.78*x(30,38) - 11.56*x(30,39) - 4.68*x(30,40) - 14.3*x(31,1) - 13.42*x(31,2) - 9.29*x(31,3) - 2.81*x(31,4) - 0.94*x(31,5) - 19.13*x(31,6) - 11.35*x(31,7) - 0.26*x(31,8) - 18.09*x(31,9) - 12.05*x(31,10) - 1.6*x(31,11) - 16.12*x(31,12) - 3.52*x(31,13) - 7.25*x(31,14) - 9.79*x(31,15) - 15.27*x(31,16) - 11.15*x(31,17) - 3.14*x(31,18) - 5.83*x(31,19) - 4.93*x(31,20) - 10.49*x(31,21) - 9.38*x(31,22) - 7.47*x(31,23) - 5.62*x(31,24) - 15.53*x(31,25) - 11.5*x(31,26) - 4.68*x(31,27) - 10.2*x(31,28) - 5.97*x(31,29) - 14.1*x(31,30) - 999*x(31,31) - 10.09*x(31,32) - 1.6*x(31,33) - 4.13*x(31,34) - 9.82*x(31,35) - 10.85*x(31,36) - 15.12*x(31,37) - 4.57*x(31,38) - 11.53*x(31,39) - 13.52*x(31,40) - 4.55*x(32,1) - 14.11*x(32,2) - 9.43*x(32,3) - 11.86*x(32,4) - 10.89*x(32,5) - 18.24*x(32,6) - 3.45*x(32,7) - 9.87*x(32,8) - 8.81*x(32,9) - 2.02*x(32,10) - 11.16*x(32,11) - 6.07*x(32,12) - 12.13*x(32,13) - 10.81*x(32,14) - 0.91*x(32,15) - 5.43*x(32,16) - 4.88*x(32,17) - 10.79*x(32,18) - 12.08*x(32,19) - 11.75*x(32,20) - 5.21*x(32,21) - 9.87*x(32,22) - 11.52*x(32,23) - 8.23*x(32,24) - 6.56*x(32,25) - 5.28*x(32,26) - 12.59*x(32,27) - 12.65*x(32,28) - 4.4*x(32,29) - 5.85*x(32,30) - 10.09*x(32,31) - 999*x(32,32) - 11.16*x(32,33) - 6.44*x(32,34) - 3.19*x(32,35) - 5.1*x(32,36) - 6.02*x(32,37) - 13.18*x(32,38) - 12.92*x(32,39) - 8.68*x(32,40) - 15.51*x(33,1) - 14.93*x(33,2) - 10.88*x(33,3) - 1.22*x(33,4) - 0.77*x(33,5) - 20.66*x(33,6) - 12.72*x(33,7) - 1.65*x(33,8) - 19.42*x(33,9) - 13.16*x(33,10) - 17.11*x(33,12) - 4.41*x(33,13) - 8.74*x(33,14) - 10.96*x(33,15) - 16.47*x(33,16) - 12.61*x(33,17) - 4.44*x(33,18) - 4.59*x(33,19) - 6.16*x(33,20) - 10.88*x(33,21) - 10.96*x(33,22) - 8.9*x(33,23) - 5.42*x(33,24) - 16.88*x(33,25) - 12.99*x(33,26) - 3.19*x(33,27) - 11.66*x(33,28) - 7.28*x(33,29) - 15.5*x(33,30) - 1.6*x(33,31) - 11.16*x(33,32) - 999*x(33,33) - 4.85*x(33,34) - 10.49*x(33,35) - 11.27*x(33,36) - 16.45*x(33,37) - 5.28*x(33,38) - 13.03*x(33,39) - 15.1*x(33,40) - 10.92*x(34,1) - 14.32*x(34,2) - 9.48*x(34,3) - 5.44*x(34,4) - 4.74*x(34,5) - 19.67*x(34,6) - 8.55*x(34,7) - 3.88*x(34,8) - 15.02*x(34,9) - 8.45*x(34,10) - 4.85*x(34,11) - 12.28*x(34,12) - 7.19*x(34,13) - 8.77*x(34,14) - 6.37*x(34,15) - 11.84*x(34,16) - 8.91*x(34,17) - 6.2*x(34,18) - 6.1*x(34,19) - 7.81*x(34,20) - 6.42*x(34,21) - 9.75*x(34,22) - 9.28*x(34,23) - 3.11*x(34,24) - 12.57*x(34,25) - 9.34*x(34,26) - 6.23*x(34,27) - 11.59*x(34,28) - 3.39*x(34,29) - 11.4*x(34,30) - 4.13*x(34,31) - 6.44*x(34,32) - 4.85*x(34,33) - 999*x(34,34) - 5.7*x(34,35) - 6.76*x(34,36) - 12.09*x(34,37) - 8.31*x(34,38) - 12.57*x(34,39) - 12.12*x(34,40) - 7.05*x(35,1) - 16.71*x(35,2) - 11.83*x(35,3) - 10.89*x(35,4) - 10.43*x(35,5) - 21.17*x(35,6) - 6.64*x(35,7) - 9.56*x(35,8) - 11.37*x(35,9) - 4.52*x(35,10) - 10.49*x(35,11) - 7.16*x(35,12) - 12.59*x(35,13) - 12.55*x(35,14) - 3.96*x(35,15) - 7.74*x(35,16) - 8*x(35,17) - 11.41*x(35,18) - 10.19*x(35,19) - 12.73*x(35,20) - 2.04*x(35,21) - 12.24*x(35,22) - 13.22*x(35,23) - 6.24*x(35,24) - 9.4*x(35,25) - 8.42*x(35,26) - 11.11*x(35,27) - 14.82*x(35,28) - 5.51*x(35,29) - 8.94*x(35,30) - 9.82*x(35,31) - 3.19*x(35,32) - 10.49*x(35,33) - 5.7*x(35,34) - 999*x(35,35) - 2*x(35,36) - 8.84*x(35,37) - 13.71*x(35,38) - 15.32*x(35,39) - 11.82*x(35,40) - 8.44*x(36,1) - 18.68*x(36,2) - 13.78*x(36,3) - 11.47*x(36,4) - 11.34*x(36,5) - 23.17*x(36,6) - 8.53*x(36,7) - 10.59*x(36,8) - 12.67*x(36,9) - 6.11*x(36,10) - 11.27*x(36,11) - 7.78*x(36,12) - 13.9*x(36,13) - 14.34*x(36,14) - 5.93*x(36,15) - 8.99*x(36,16) - 9.96*x(36,17) - 12.81*x(36,18) - 10.13*x(36,19) - 14.25*x(36,20) - 0.44*x(36,21) - 14.18*x(36,22) - 14.99*x(36,23) - 6.36*x(36,24) - 10.92*x(36,25) - 10.37*x(36,26) - 11.34*x(36,27) - 16.71*x(36,28) - 7.3*x(36,29) - 10.66*x(36,30) - 10.85*x(36,31) - 5.1*x(36,32) - 11.27*x(36,33) - 6.76*x(36,34) - 2*x(36,35) - 999*x(36,36) - 10.36*x(36,37) - 15.03*x(36,38) - 17.27*x(36,39) - 13.78*x(36,40) - 2.03*x(37,1) - 13.67*x(37,2) - 10.42*x(37,3) - 17.33*x(37,4) - 16.02*x(37,5) - 15.98*x(37,6) - 3.79*x(37,7) - 14.95*x(37,8) - 2.97*x(37,9) - 4.32*x(37,10) - 16.45*x(37,11) - 5.05*x(37,12) - 16.24*x(37,13) - 13.07*x(37,14) - 5.78*x(37,15) - 2.08*x(37,16) - 4.64*x(37,17) - 14.85*x(37,18) - 18.01*x(37,19) - 15.2*x(37,20) - 10.63*x(37,21) - 10.85*x(37,22) - 13.76*x(37,23) - 14.22*x(37,24) - 0.56*x(37,25) - 4.54*x(37,26) - 18.33*x(37,27) - 13.67*x(37,28) - 9.18*x(37,29) - 1.67*x(37,30) - 15.12*x(37,31) - 6.02*x(37,32) - 16.45*x(37,33) - 12.09*x(37,34) - 8.84*x(37,35) - 10.36*x(37,36) - 999*x(37,37) - 17.12*x(37,38) - 13.23*x(37,39) - 6.29*x(37,40) - 16.79*x(38,1) - 11.16*x(38,2) - 8.49*x(38,3) - 6.23*x(38,4) - 4.65*x(38,5) - 16.87*x(38,6) - 13.39*x(38,7) - 4.81*x(38,8) - 19.98*x(38,9) - 14.94*x(38,10) - 5.28*x(38,11) - 19.2*x(38,12) - 1.13*x(38,13) - 5.44*x(38,14) - 12.64*x(38,15) - 17.77*x(38,16) - 12.61*x(38,17) - 2.39*x(38,18) - 9.83*x(38,19) - 2.23*x(38,20) - 14.71*x(38,21) - 8.36*x(38,22) - 5.19*x(38,23) - 10.2*x(38,24) - 17.41*x(38,25) - 12.84*x(38,26) - 8.2*x(38,27) - 7.79*x(38,28) - 8.78*x(38,29) - 15.78*x(38,30) - 4.57*x(38,31) - 13.18*x(38,32) - 5.28*x(38,33) - 8.31*x(38,34) - 13.71*x(38,35) - 15.03*x(38,36) - 17.12*x(38,37) - 999*x(38,38) - 9.33*x(38,39) - 13.8*x(38,40) - 14.05*x(39,1) - 1.9*x(39,2) - 3.5*x(39,3) - 14.24*x(39,4) - 12.26*x(39,5) - 7.66*x(39,6) - 10.71*x(39,7) - 11.6*x(39,8) - 15.33*x(39,9) - 13.62*x(39,10) - 13.03*x(39,11) - 17.38*x(39,12) - 9.35*x(39,13) - 4.29*x(39,14) - 12.02*x(39,15) - 14.83*x(39,16) - 9.07*x(39,17) - 8.68*x(39,18) - 17.28*x(39,19) - 7.29*x(39,20) - 17.16*x(39,21) - 3.08*x(39,22) - 4.23*x(39,23) - 15.61*x(39,24) - 13.22*x(39,25) - 8.95*x(39,26) - 16.2*x(39,27) - 1.55*x(39,28) - 10.14*x(39,29) - 11.56*x(39,30) - 11.53*x(39,31) - 12.92*x(39,32) - 13.03*x(39,33) - 12.57*x(39,34) - 15.32*x(39,35) - 17.27*x(39,36) - 13.23*x(39,37) - 9.33*x(39,38) - 999*x(39,39) - 7.39*x(39,40) - 7.65*x(40,1) - 7.49*x(40,2) - 5.51*x(40,3) - 16.23*x(40,4) - 14.45*x(40,5) - 9.94*x(40,6) - 5.33*x(40,7) - 13.44*x(40,8) - 8*x(40,9) - 8.33*x(40,10) - 15.1*x(40,11) - 11.08*x(40,12) - 13.23*x(40,13) - 8.67*x(40,14) - 7.85*x(40,15) - 8.2*x(40,16) - 3.82*x(40,17) - 11.97*x(40,18) - 18.12*x(40,19) - 11.59*x(40,20) - 13.86*x(40,21) - 5.81*x(40,22) - 9.23*x(40,23) - 15.05*x(40,24) - 6.14*x(40,25) - 3.41*x(40,26) - 17.78*x(40,27) - 8.21*x(40,28) - 8.74*x(40,29) - 4.68*x(40,30) - 13.52*x(40,31) - 8.68*x(40,32) - 15.1*x(40,33) - 12.12*x(40,34) - 11.82*x(40,35) - 13.78*x(40,36) - 6.29*x(40,37) - 13.8*x(40,38) - 7.39*x(40,39) - 999*x(40,40) =E= 0 ; (LHS = 0)
     

---- r1  =E=  

r1(1)..  x(1,1) + x(2,1) + x(3,1) + x(4,1) + x(5,1) + x(6,1) + x(7,1) + x(8,1) + x(9,1) + x(10,1) + x(11,1) + x(12,1) + x(13,1) + x(14,1) + x(15,1) + x(16,1) + x(17,1) + x(18,1) + x(19,1) + x(20,1) + x(21,1) + x(22,1) + x(23,1) + x(24,1) + x(25,1) + x(26,1) + x(27,1) + x(28,1) + x(29,1) + x(30,1) + x(31,1) + x(32,1) + x(33,1) + x(34,1) + x(35,1) + x(36,1) + x(37,1) + x(38,1) + x(39,1) + x(40,1) =E= 1 ; (LHS = 0, INFES = 1 ****)
     
r1(2)..  x(1,2) + x(2,2) + x(3,2) + x(4,2) + x(5,2) + x(6,2) + x(7,2) + x(8,2) + x(9,2) + x(10,2) + x(11,2) + x(12,2) + x(13,2) + x(14,2) + x(15,2) + x(16,2) + x(17,2) + x(18,2) + x(19,2) + x(20,2) + x(21,2) + x(22,2) + x(23,2) + x(24,2) + x(25,2) + x(26,2) + x(27,2) + x(28,2) + x(29,2) + x(30,2) + x(31,2) + x(32,2) + x(33,2) + x(34,2) + x(35,2) + x(36,2) + x(37,2) + x(38,2) + x(39,2) + x(40,2) =E= 1 ; (LHS = 0, INFES = 1 ****)
     
r1(3)..  x(1,3) + x(2,3) + x(3,3) + x(4,3) + x(5,3) + x(6,3) + x(7,3) + x(8,3) + x(9,3) + x(10,3) + x(11,3) + x(12,3) + x(13,3) + x(14,3) + x(15,3) + x(16,3) + x(17,3) + x(18,3) + x(19,3) + x(20,3) + x(21,3) + x(22,3) + x(23,3) + x(24,3) + x(25,3) + x(26,3) + x(27,3) + x(28,3) + x(29,3) + x(30,3) + x(31,3) + x(32,3) + x(33,3) + x(34,3) + x(35,3) + x(36,3) + x(37,3) + x(38,3) + x(39,3) + x(40,3) =E= 1 ; (LHS = 0, INFES = 1 ****)
     
REMAINING 37 ENTRIES SKIPPED


---- r2  =E=  

r2(1)..  x(1,1) + x(1,2) + x(1,3) + x(1,4) + x(1,5) + x(1,6) + x(1,7) + x(1,8) + x(1,9) + x(1,10) + x(1,11) + x(1,12) + x(1,13) + x(1,14) + x(1,15) + x(1,16) + x(1,17) + x(1,18) + x(1,19) + x(1,20) + x(1,21) + x(1,22) + x(1,23) + x(1,24) + x(1,25) + x(1,26) + x(1,27) + x(1,28) + x(1,29) + x(1,30) + x(1,31) + x(1,32) + x(1,33) + x(1,34) + x(1,35) + x(1,36) + x(1,37) + x(1,38) + x(1,39) + x(1,40) =E= 1 ; (LHS = 0, INFES = 1 ****)
     
r2(2)..  x(2,1) + x(2,2) + x(2,3) + x(2,4) + x(2,5) + x(2,6) + x(2,7) + x(2,8) + x(2,9) + x(2,10) + x(2,11) + x(2,12) + x(2,13) + x(2,14) + x(2,15) + x(2,16) + x(2,17) + x(2,18) + x(2,19) + x(2,20) + x(2,21) + x(2,22) + x(2,23) + x(2,24) + x(2,25) + x(2,26) + x(2,27) + x(2,28) + x(2,29) + x(2,30) + x(2,31) + x(2,32) + x(2,33) + x(2,34) + x(2,35) + x(2,36) + x(2,37) + x(2,38) + x(2,39) + x(2,40) =E= 1 ; (LHS = 0, INFES = 1 ****)
     
r2(3)..  x(3,1) + x(3,2) + x(3,3) + x(3,4) + x(3,5) + x(3,6) + x(3,7) + x(3,8) + x(3,9) + x(3,10) + x(3,11) + x(3,12) + x(3,13) + x(3,14) + x(3,15) + x(3,16) + x(3,17) + x(3,18) + x(3,19) + x(3,20) + x(3,21) + x(3,22) + x(3,23) + x(3,24) + x(3,25) + x(3,26) + x(3,27) + x(3,28) + x(3,29) + x(3,30) + x(3,31) + x(3,32) + x(3,33) + x(3,34) + x(3,35) + x(3,36) + x(3,37) + x(3,38) + x(3,39) + x(3,40) =E= 1 ; (LHS = 0, INFES = 1 ****)
     
REMAINING 37 ENTRIES SKIPPED


---- r3  =L=  

r3(2,3)..  u(2) - u(3) + 40*x(2,3) =L= 39 ; (LHS = 0)
     
r3(2,4)..  u(2) - u(4) + 40*x(2,4) =L= 39 ; (LHS = 0)
     
r3(2,5)..  u(2) - u(5) + 40*x(2,5) =L= 39 ; (LHS = 0)
     
REMAINING 1479 ENTRIES SKIPPED

GAMS 46.5.0  a671108d May 8, 2024           WEX-WEI x86 64bit/MS Windows - 09/07/24 13:02:49 Page 4
G e n e r a l   A l g e b r a i c   M o d e l i n g   S y s t e m
Column Listing      SOLVE transpor_1 Using MIP From line 65


---- z  

z
                (.LO, .L, .UP, .M = -INF, 0, +INF, 0)
        1       Obj


---- u  

u(2)
                (.LO, .L, .UP, .M = 0, 0, +INF, 0)
        1       r3(2,3)
        1       r3(2,4)
