GAMS 46.5.0  a671108d May 8, 2024           WEX-WEI x86 64bit/MS Windows - 09/07/24 13:02:52 Page 1
G e n e r a l   A l g e b r a i c   M o d e l i n g   S y s t e m
C o m p i l a t i o n


   1  *Cambia el número de i dependiendo de la cantidad de nodos que tengas en el problema
   2  Set
   3  i /1*40/;
   4  alias (i,j);
   5  *Cambia el nombre del csv que estes usando
   6  Table c(i,j)
INCLUDE    C:\Users\progra.DESKTOP-GV4Q93K\Documents\Vstudio\Geneticos\retointegrador\dist_matrix7.csv
   9  ,1,2,3,4,5,6,7,8,9,10,11,12,13,14,15,16,17,18,19,20,21,22,23,24,25,26,27,28,29,30,31,32,33,34,35,36,37,38,39,40
  10  1,999.0,19.58,22.27,20.67,12.62,18.8,9.42,23.78,18.77,17.79,22.07,6.85,5.1,24.76,21.88,18.35,23.35,18.54,20.06,20.4,13.04,16.52,23.04,22.59,16.7,14.25,21.4,8.27,11.84,17.25,23.71,19.72,14.13,25.4,11.66,24.14,20.4,26.7,17.64,20.87
  11  2,19.58,999.0,13.89,5.21,8.37,14.38,10.21,5.38,0.84,3.44,7.58,13.55,19.07,14.44,9.62,9.98,9.63,5.08,13.7,2.76,8.68,6.64,7.08,13.79,5.81,5.89,10.43,11.7,9.07,2.88,4.14,5.62,11.56,8.78,7.93,15.93,2.76,40.17,3.52,1.86
  12  3,22.27,13.89,999.0,8.89,18.28,4.06,16.57,18.41,13.57,16.53,7.02,15.75,18.58,2.67,4.63,4.79,5.72,8.94,2.38,16.63,19.07,8.6,8.42,0.42,9.24,16.25,3.54,15.15,18.48,15.34,14.83,8.27,8.18,9.27,15.19,2.24,16.63,32.17,16.52,12.79
  13  4,20.67,5.21,8.89,999.0,11.93,10.18,12.14,9.53,5.13,8.36,2.42,13.93,18.85,9.24,4.44,5.82,4.48,2.14,9.14,7.88,12.51,4.38,2.51,8.75,4.0,9.43,5.36,12.41,12.43,7.37,6.18,1.16,9.07,4.83,9.98,10.83,7.88,37.79,8.39,3.9
  14  5,12.62,8.37,18.28,11.93,999.0,16.81,4.03,11.43,7.76,5.58,14.17,8.62,13.93,19.84,15.33,13.5,16.12,10.32,17.02,8.22,0.88,9.73,14.38,18.37,9.23,2.55,15.59,6.93,0.8,5.53,12.29,11.54,11.97,16.53,3.46,20.51,8.22,36.92,5.43,10.13
  15  6,18.8,14.38,4.06,10.18,16.81,999.0,14.35,19.47,13.85,16.35,9.11,12.62,14.78,6.73,7.02,4.43,8.59,9.33,1.74,17.09,17.67,7.98,10.67,4.47,8.8,15.2,5.82,12.4,16.85,15.1,16.35,9.2,5.22,12.16,13.45,5.45,17.09,28.61,16.3,13.76
  16  7,9.42,10.21,16.57,12.14,4.03,14.35,999.0,14.42,9.42,8.45,14.01,4.59,9.99,18.54,14.55,11.86,15.69,10.13,14.91,11.01,4.8,8.69,14.64,16.75,8.52,4.92,14.48,2.95,3.5,7.84,14.35,11.4,9.18,16.97,2.3,18.76,11.01,32.89,8.29,11.62
  17  8,23.78,5.38,18.41,9.53,11.43,19.47,14.42,999.0,6.13,5.99,11.5,18.34,23.95,18.42,13.84,15.03,13.32,10.16,18.6,3.42,11.33,11.97,10.41,18.24,11.15,9.53,14.86,16.45,12.23,6.65,3.93,10.33,16.94,11.11,12.32,20.26,3.42,45.5,6.15,5.72
  18  9,18.77,0.84,13.57,5.13,7.76,13.85,9.42,6.13,999.0,3.25,7.54,12.71,18.24,14.28,9.44,9.5,9.6,4.66,13.26,3.24,8.13,6.01,7.21,13.5,5.17,5.24,10.17,10.86,8.44,2.42,4.94,5.36,10.85,9.07,7.13,15.66,3.24,39.38,3.29,2.37
  19  10,17.79,3.44,16.53,8.36,5.58,16.35,8.45,5.99,3.25,999.0,10.77,12.54,18.16,17.42,12.59,12.18,12.84,7.61,15.98,2.65,5.65,8.37,10.45,16.5,7.57,3.54,13.24,10.64,6.36,1.26,6.85,8.49,12.62,12.22,6.44,18.68,2.65,40.3,0.16,5.3
  20  11,22.07,7.58,7.02,2.42,14.17,9.11,14.01,11.5,7.54,10.77,999.0,15.23,19.76,6.97,2.39,5.22,2.06,3.92,7.78,10.19,14.79,5.55,1.57,6.81,5.51,11.72,3.55,13.88,14.63,9.78,7.82,2.66,9.31,3.55,11.96,8.76,10.19,37.43,10.8,6.11
  21  12,6.85,13.55,15.75,13.93,8.62,12.62,4.59,18.34,12.71,12.54,15.23,999.0,5.62,18.13,15.04,11.58,16.5,11.8,13.67,14.93,9.37,9.7,16.25,16.03,9.94,9.17,14.6,1.9,8.06,11.7,17.58,12.94,7.59,18.61,6.12,17.75,14.93,28.3,12.39,14.59
  22  13,5.1,19.07,18.58,18.85,13.93,14.78,9.99,23.95,18.24,18.16,19.76,5.62,999.0,21.19,19.07,15.3,20.69,16.75,16.24,20.54,14.6,14.48,20.97,18.93,14.9,14.75,18.37,7.52,13.28,17.32,23.04,17.76,10.82,23.27,11.73,20.23,20.54,23.22,18.01,19.99
  23  14,24.76,14.44,2.67,9.24,19.84,6.73,18.54,18.42,14.28,17.42,6.97,18.13,21.19,999.0,4.84,6.71,5.11,9.88,5.05,17.11,20.59,10.13,8.04,2.28,10.62,17.64,4.28,17.38,20.13,16.3,14.63,8.93,10.63,8.18,16.96,2.4,17.11,34.47,17.42,13.07
  24  15,21.88,9.62,4.63,4.44,15.33,7.02,14.55,13.84,9.44,12.59,2.39,15.04,19.07,4.84,999.0,3.83,1.7,5.12,5.54,12.31,16.03,5.87,3.84,4.42,6.16,13.01,1.22,13.93,15.7,11.49,10.21,4.11,8.3,5.15,12.72,6.42,12.31,35.57,12.6,8.32
  25  16,18.35,9.98,4.79,5.82,13.5,4.43,11.86,15.03,9.5,12.18,5.22,11.58,15.3,6.71,3.83,999.0,5.51,4.91,3.79,12.72,14.31,3.92,6.76,4.92,4.65,11.54,3.08,10.71,13.69,10.95,11.96,4.79,4.48,8.66,10.41,7.02,12.72,32.23,12.14,9.32
  26  17,23.35,9.63,5.72,4.48,16.12,8.59,15.69,13.32,9.6,12.84,2.06,16.5,20.69,5.11,1.7,5.51,999.0,5.8,7.03,12.2,16.76,7.05,2.93,5.42,7.18,13.7,2.8,15.3,16.54,11.83,9.52,4.59,9.95,3.6,13.74,7.14,12.2,37.19,12.87,8.11
  27  18,18.54,5.08,8.94,2.14,10.32,9.33,10.13,10.16,4.66,7.61,3.92,11.8,16.75,9.88,5.12,4.91,5.8,999.0,8.62,7.83,10.98,2.34,4.55,8.9,1.86,7.93,5.65,10.28,10.75,6.45,7.38,1.27,7.3,6.91,8.05,11.07,7.83,36.15,7.6,4.5
  28  19,20.06,13.7,2.38,9.14,17.02,1.74,14.91,18.6,13.26,15.98,7.78,13.67,16.24,5.05,5.54,3.79,7.03,8.62,999.0,16.45,17.85,7.67,9.32,2.77,8.43,15.2,4.32,13.23,17.13,14.74,15.3,8.27,6.09,10.63,13.76,4.09,16.45,30.25,15.94,12.89
  29  20,20.4,2.76,16.63,7.88,8.22,17.09,11.01,3.42,3.24,2.65,10.19,14.93,20.54,17.11,12.31,12.72,12.2,7.83,16.45,999.0,8.24,9.25,9.49,16.53,8.41,6.16,13.16,13.03,9.01,3.23,4.55,8.36,14.0,10.88,8.9,18.66,0.0,42.28,2.81,4.1
  30  21,13.04,8.68,19.07,12.51,0.88,17.67,4.8,11.33,8.13,5.65,14.79,9.37,14.6,20.59,16.03,14.31,16.76,10.98,17.85,8.24,999.0,10.5,14.93,19.16,9.97,3.08,16.32,7.73,1.32,5.79,12.47,12.17,12.85,17.02,4.34,21.31,8.24,37.65,5.51,10.48
  31  22,16.52,6.64,8.6,4.38,9.73,7.98,8.69,11.97,6.01,8.37,5.55,9.7,14.48,10.13,5.87,3.92,7.05,2.34,7.67,9.25,10.5,999.0,6.56,8.67,0.84,7.65,5.91,8.33,10.0,7.12,9.55,3.29,5.07,8.91,6.88,10.83,9.25,33.93,8.32,6.54
  32  23,23.04,7.08,8.42,2.51,14.38,10.67,14.64,10.41,7.21,10.45,1.57,16.25,20.97,8.04,3.84,6.76,2.93,4.55,9.32,9.49,14.93,6.56,999.0,8.17,6.34,11.86,5.04,14.8,14.91,9.58,6.59,3.33,10.72,2.36,12.49,10.02,9.49,38.98,10.5,5.4
  33  24,22.59,13.79,0.42,8.75,18.37,4.47,16.75,18.24,13.5,16.5,6.81,16.03,18.93,2.28,4.42,4.92,5.42,8.9,2.77,16.53,19.16,8.67,8.17,999.0,9.28,16.31,3.39,15.39,18.59,15.32,14.62,8.17,8.47,8.94,15.32,2.19,16.53,32.59,16.49,12.65
  34  25,16.7,5.81,9.24,4.0,9.23,8.8,8.52,11.15,5.17,7.57,5.51,9.94,14.9,10.62,6.16,4.65,7.18,1.86,8.43,8.41,9.97,0.84,6.34,9.28,999.0,7.04,6.36,8.45,9.55,6.32,8.81,3.02,5.84,8.71,6.57,11.46,8.41,34.67,7.52,5.77
  35  26,14.25,5.89,16.25,9.43,2.55,15.2,4.92,9.53,5.24,3.54,11.72,9.17,14.75,17.64,13.01,11.54,13.7,7.93,15.2,6.16,3.08,7.65,11.86,16.31,7.04,999.0,13.36,7.29,3.2,3.14,9.91,9.11,10.72,13.98,3.07,18.48,6.16,37.25,3.39,7.6
  36  27,21.4,10.43,3.54,5.36,15.59,5.82,14.48,14.86,10.17,13.24,3.55,14.6,18.37,4.28,1.22,3.08,2.8,5.65,4.32,13.16,16.32,5.91,5.04,3.39,6.36,13.36,999.0,13.62,15.89,12.1,11.31,4.82,7.55,6.34,12.79,5.5,13.16,34.4,13.24,9.26
  37  28,8.27,11.7,15.15,12.41,6.93,12.4,2.95,16.45,10.86,10.64,13.88,1.9,7.52,17.38,13.93,10.71,15.3,10.28,13.23,13.03,7.73,8.33,14.8,15.39,8.45,7.29,13.62,999.0,6.45,9.8,15.76,11.47,7.19,17.16,4.23,17.25,13.03,30.07,10.5,12.8
  38  29,11.84,9.07,18.48,12.43,0.8,16.85,3.5,12.23,8.44,6.36,14.63,8.06,13.28,20.13,15.7,13.69,16.54,10.75,17.13,9.01,1.32,10.0,14.91,18.59,9.55,3.2,15.89,6.45,999.0,6.25,13.04,11.98,11.9,17.09,3.4,20.71,9.01,36.33,6.21,10.8
  39  30,17.25,2.88,15.34,7.37,5.53,15.1,7.84,6.65,2.42,1.26,9.78,11.7,17.32,16.3,11.49,10.95,11.83,6.45,14.74,3.23,5.79,7.12,9.58,15.32,6.32,3.14,12.1,9.8,6.25,999.0,6.79,7.39,11.39,11.48,5.69,17.51,3.23,39.23,1.2,4.71
  40  31,23.71,4.14,14.83,6.18,12.29,16.35,14.35,3.93,4.94,6.85,7.82,17.58,23.04,14.63,10.21,11.96,9.52,7.38,15.3,4.55,12.47,9.55,6.59,14.62,8.81,9.91,11.31,15.76,13.04,6.79,999.0,7.17,14.62,7.18,12.07,16.57,4.55,43.47,6.98,3.09
  41  32,19.72,5.62,8.27,1.16,11.54,9.2,11.4,10.33,5.36,8.49,2.66,12.94,17.76,8.93,4.11,4.79,4.59,1.27,8.27,8.36,12.17,3.29,3.33,8.17,3.02,9.11,4.82,11.47,11.98,7.39,7.17,999.0,7.9,5.69,9.32,10.32,8.36,36.64,8.49,4.62
  42  33,14.13,11.56,8.18,9.07,11.97,5.22,9.18,16.94,10.85,12.62,9.31,7.59,10.82,10.63,8.3,4.48,9.95,7.3,6.09,14.0,12.85,5.07,10.72,8.47,5.84,10.72,7.55,7.19,11.9,11.39,14.62,7.9,999.0,12.86,8.52,10.16,14.0,28.86,12.53,11.61
  43  34,25.4,8.78,9.27,4.83,16.53,12.16,16.97,11.11,9.07,12.22,3.55,18.61,23.27,8.18,5.15,8.66,3.6,6.91,10.63,10.88,17.02,8.91,2.36,8.94,8.71,13.98,6.34,17.16,17.09,11.48,7.18,5.69,12.86,999.0,14.79,10.44,10.88,40.71,12.29,6.95
  44  35,11.66,7.93,15.19,9.98,3.46,13.45,2.3,12.32,7.13,6.44,11.96,6.12,11.73,16.96,12.72,10.41,13.74,8.05,13.76,8.9,4.34,6.88,12.49,15.32,6.57,3.07,12.79,4.23,3.4,5.69,12.07,9.32,8.52,14.79,999.0,17.42,8.9,34.19,6.29,9.32
  45  36,24.14,15.93,2.24,10.83,20.51,5.45,18.76,20.26,15.66,18.68,8.76,17.75,20.23,2.4,6.42,7.02,7.14,11.07,4.09,18.66,21.31,10.83,10.02,2.19,11.46,18.48,5.5,17.25,20.71,17.51,16.57,10.32,10.16,10.44,17.42,999.0,18.66,32.25,18.67,14.73
  46  37,20.4,2.76,16.63,7.88,8.22,17.09,11.01,3.42,3.24,2.65,10.19,14.93,20.54,17.11,12.31,12.72,12.2,7.83,16.45,0.0,8.24,9.25,9.49,16.53,8.41,6.16,13.16,13.03,9.01,3.23,4.55,8.36,14.0,10.88,8.9,18.66,999.0,42.28,2.81,4.1
  47  38,26.7,40.17,32.17,37.79,36.92,28.61,32.89,45.5,39.38,40.3,37.43,28.3,23.22,34.47,35.57,32.23,37.19,36.15,30.25,42.28,37.65,33.93,38.98,32.59,34.67,37.25,34.4,30.07,36.33,39.23,43.47,36.64,28.86,40.71,34.19,32.25,42.28,999.0,40.17,40.44
  48  39,17.64,3.52,16.52,8.39,5.43,16.3,8.29,6.15,3.29,0.16,10.8,12.39,18.01,17.42,12.6,12.14,12.87,7.6,15.94,2.81,5.51,8.32,10.5,16.49,7.52,3.39,13.24,10.5,6.21,1.2,6.98,8.49,12.53,12.29,6.29,18.67,2.81,40.17,999.0,5.38
  49  40,20.87,1.86,12.79,3.9,10.13,13.76,11.62,5.72,2.37,5.3,6.11,14.59,19.99,13.07,8.32,9.32,8.11,4.5,12.89,4.1,10.48,6.54,5.4,12.65,5.77,7.6,9.26,12.8,10.8,4.71,3.09,4.62,11.61,6.95,9.32,14.73,4.1,40.44,5.38,999.0
  51   
  52  variable z;
  53  positive Variable u(i);
  54  binary variable x(i,j);
  55   
  56  Equations
  57  Obj, r1, r2, r3;
  58   
  59  Obj.. z=E=sum((i,j),c(i,j)*x(i,j));
  60  r1(j).. sum(i,x(i,j))=E=1;
  61  r2(i).. sum(j,x(i,j))=E=1;
  62  r3(i,j)$(ord(i)>1 and ord(j)>1 and ord(i)<>ord(j)).. u(i)-u(j)+card(i)*x(i,j)=l=card(i)-1
  63   
  64  model transpor_1 /all/;
  65  solve transpor_1 using MIP minimizing z;
  66   
  67   
  68   
GAMS 46.5.0  a671108d May 8, 2024           WEX-WEI x86 64bit/MS Windows - 09/07/24 13:02:52 Page 2
G e n e r a l   A l g e b r a i c   M o d e l i n g   S y s t e m
Include File Summary


   SEQ   GLOBAL TYPE      PARENT   LOCAL  FILENAME

     1        1 INPUT          0       0  C:\Users\progra.DESKTOP-GV4Q93K\Documents\Vstudio\Geneticos\retointegrador\reto8.gms
     2        8 INCLUDE        1       8  .C:\Users\progra.DESKTOP-GV4Q93K\Documents\Vstudio\Geneticos\retointegrador\dist_matrix7.csv


COMPILATION TIME     =        0.407 SECONDS      3 MB  46.5.0 a671108d WEX-WEI
GAMS 46.5.0  a671108d May 8, 2024           WEX-WEI x86 64bit/MS Windows - 09/07/24 13:02:52 Page 3
G e n e r a l   A l g e b r a i c   M o d e l i n g   S y s t e m
Equation Listing    SOLVE transpor_1 Using MIP From line 65


---- Obj  =E=  

Obj..  z - 999*x(1,1) - 19.58*x(1,2) - 22.27*x(1,3) - 20.67*x(1,4) - 12.62*x(1,5) - 18.8*x(1,6) - 9.42*x(1,7) - 23.78*x(1,8) - 18.77*x(1,9) - 17.79*x(1,10) - 22.07*x(1,11) - 6.85*x(1,12) - 5.1*x(1,13) - 24.76*x(1,14) - 21.88*x(1,15) - 18.35*x(1,16) - 23.35*x(1,17) - 18.54*x(1,18) - 20.06*x(1,19) - 20.4*x(1,20) - 13.04*x(1,21) - 16.52*x(1,22) - 23.04*x(1,23) - 22.59*x(1,24) - 16.7*x(1,25) - 14.25*x(1,26) - 21.4*x(1,27) - 8.27*x(1,28) - 11.84*x(1,29) - 17.25*x(1,30) - 23.71*x(1,31) - 19.72*x(1,32) - 14.13*x(1,33) - 25.4*x(1,34) - 11.66*x(1,35) - 24.14*x(1,36) - 20.4*x(1,37) - 26.7*x(1,38) - 17.64*x(1,39) - 20.87*x(1,40) - 19.58*x(2,1) - 999*x(2,2) - 13.89*x(2,3) - 5.21*x(2,4) - 8.37*x(2,5) - 14.38*x(2,6) - 10.21*x(2,7) - 5.38*x(2,8) - 0.84*x(2,9) - 3.44*x(2,10) - 7.58*x(2,11) - 13.55*x(2,12) - 19.07*x(2,13) - 14.44*x(2,14) - 9.62*x(2,15) - 9.98*x(2,16) - 9.63*x(2,17) - 5.08*x(2,18) - 13.7*x(2,19) - 2.76*x(2,20) - 8.68*x(2,21) - 6.64*x(2,22) - 7.08*x(2,23) - 13.79*x(2,24) - 5.81*x(2,25) - 5.89*x(2,26) - 10.43*x(2,27) - 11.7*x(2,28) - 9.07*x(2,29) - 2.88*x(2,30) - 4.14*x(2,31) - 5.62*x(2,32) - 11.56*x(2,33) - 8.78*x(2,34) - 7.93*x(2,35) - 15.93*x(2,36) - 2.76*x(2,37) - 40.17*x(2,38) - 3.52*x(2,39) - 1.86*x(2,40) - 22.27*x(3,1) - 13.89*x(3,2) - 999*x(3,3) - 8.89*x(3,4) - 18.28*x(3,5) - 4.06*x(3,6) - 16.57*x(3,7) - 18.41*x(3,8) - 13.57*x(3,9) - 16.53*x(3,10) - 7.02*x(3,11) - 15.75*x(3,12) - 18.58*x(3,13) - 2.67*x(3,14) - 4.63*x(3,15) - 4.79*x(3,16) - 5.72*x(3,17) - 8.94*x(3,18) - 2.38*x(3,19) - 16.63*x(3,20) - 19.07*x(3,21) - 8.6*x(3,22) - 8.42*x(3,23) - 0.42*x(3,24) - 9.24*x(3,25) - 16.25*x(3,26) - 3.54*x(3,27) - 15.15*x(3,28) - 18.48*x(3,29) - 15.34*x(3,30) - 14.83*x(3,31) - 8.27*x(3,32) - 8.18*x(3,33) - 9.27*x(3,34) - 15.19*x(3,35) - 2.24*x(3,36) - 16.63*x(3,37) - 32.17*x(3,38) - 16.52*x(3,39) - 12.79*x(3,40) - 20.67*x(4,1) - 5.21*x(4,2) - 8.89*x(4,3) - 999*x(4,4) - 11.93*x(4,5) - 10.18*x(4,6) - 12.14*x(4,7) - 9.53*x(4,8) - 5.13*x(4,9) - 8.36*x(4,10) - 2.42*x(4,11) - 13.93*x(4,12) - 18.85*x(4,13) - 9.24*x(4,14) - 4.44*x(4,15) - 5.82*x(4,16) - 4.48*x(4,17) - 2.14*x(4,18) - 9.14*x(4,19) - 7.88*x(4,20) - 12.51*x(4,21) - 4.38*x(4,22) - 2.51*x(4,23) - 8.75*x(4,24) - 4*x(4,25) - 9.43*x(4,26) - 5.36*x(4,27) - 12.41*x(4,28) - 12.43*x(4,29) - 7.37*x(4,30) - 6.18*x(4,31) - 1.16*x(4,32) - 9.07*x(4,33) - 4.83*x(4,34) - 9.98*x(4,35) - 10.83*x(4,36) - 7.88*x(4,37) - 37.79*x(4,38) - 8.39*x(4,39) - 3.9*x(4,40) - 12.62*x(5,1) - 8.37*x(5,2) - 18.28*x(5,3) - 11.93*x(5,4) - 999*x(5,5) - 16.81*x(5,6) - 4.03*x(5,7) - 11.43*x(5,8) - 7.76*x(5,9) - 5.58*x(5,10) - 14.17*x(5,11) - 8.62*x(5,12) - 13.93*x(5,13) - 19.84*x(5,14) - 15.33*x(5,15) - 13.5*x(5,16) - 16.12*x(5,17) - 10.32*x(5,18) - 17.02*x(5,19) - 8.22*x(5,20) - 0.88*x(5,21) - 9.73*x(5,22) - 14.38*x(5,23) - 18.37*x(5,24) - 9.23*x(5,25) - 2.55*x(5,26) - 15.59*x(5,27) - 6.93*x(5,28) - 0.8*x(5,29) - 5.53*x(5,30) - 12.29*x(5,31) - 11.54*x(5,32) - 11.97*x(5,33) - 16.53*x(5,34) - 3.46*x(5,35) - 20.51*x(5,36) - 8.22*x(5,37) - 36.92*x(5,38) - 5.43*x(5,39) - 10.13*x(5,40) - 18.8*x(6,1) - 14.38*x(6,2) - 4.06*x(6,3) - 10.18*x(6,4) - 16.81*x(6,5) - 999*x(6,6) - 14.35*x(6,7) - 19.47*x(6,8) - 13.85*x(6,9) - 16.35*x(6,10) - 9.11*x(6,11) - 12.62*x(6,12) - 14.78*x(6,13) - 6.73*x(6,14) - 7.02*x(6,15) - 4.43*x(6,16) - 8.59*x(6,17) - 9.33*x(6,18) - 1.74*x(6,19) - 17.09*x(6,20) - 17.67*x(6,21) - 7.98*x(6,22) - 10.67*x(6,23) - 4.47*x(6,24) - 8.8*x(6,25) - 15.2*x(6,26) - 5.82*x(6,27) - 12.4*x(6,28) - 16.85*x(6,29) - 15.1*x(6,30) - 16.35*x(6,31) - 9.2*x(6,32) - 5.22*x(6,33) - 12.16*x(6,34) - 13.45*x(6,35) - 5.45*x(6,36) - 17.09*x(6,37) - 28.61*x(6,38) - 16.3*x(6,39) - 13.76*x(6,40) - 9.42*x(7,1) - 10.21*x(7,2) - 16.57*x(7,3) - 12.14*x(7,4) - 4.03*x(7,5) - 14.35*x(7,6) - 999*x(7,7) - 14.42*x(7,8) - 9.42*x(7,9) - 8.45*x(7,10) - 14.01*x(7,11) - 4.59*x(7,12) - 9.99*x(7,13) - 18.54*x(7,14) - 14.55*x(7,15) - 11.86*x(7,16) - 15.69*x(7,17) - 10.13*x(7,18) - 14.91*x(7,19) - 11.01*x(7,20) - 4.8*x(7,21) - 8.69*x(7,22) - 14.64*x(7,23) - 16.75*x(7,24) - 8.52*x(7,25) - 4.92*x(7,26) - 14.48*x(7,27) - 2.95*x(7,28) - 3.5*x(7,29) - 7.84*x(7,30) - 14.35*x(7,31) - 11.4*x(7,32) - 9.18*x(7,33) - 16.97*x(7,34) - 2.3*x(7,35) - 18.76*x(7,36) - 11.01*x(7,37) - 32.89*x(7,38) - 8.29*x(7,39) - 11.62*x(7,40) - 23.78*x(8,1) - 5.38*x(8,2) - 18.41*x(8,3) - 9.53*x(8,4) - 11.43*x(8,5) - 19.47*x(8,6) - 14.42*x(8,7) - 999*x(8,8) - 6.13*x(8,9) - 5.99*x(8,10) - 11.5*x(8,11) - 18.34*x(8,12) - 23.95*x(8,13) - 18.42*x(8,14) - 13.84*x(8,15) - 15.03*x(8,16) - 13.32*x(8,17) - 10.16*x(8,18) - 18.6*x(8,19) - 3.42*x(8,20) - 11.33*x(8,21) - 11.97*x(8,22) - 10.41*x(8,23) - 18.24*x(8,24) - 11.15*x(8,25) - 9.53*x(8,26) - 14.86*x(8,27) - 16.45*x(8,28) - 12.23*x(8,29) - 6.65*x(8,30) - 3.93*x(8,31) - 10.33*x(8,32) - 16.94*x(8,33) - 11.11*x(8,34) - 12.32*x(8,35) - 20.26*x(8,36) - 3.42*x(8,37) - 45.5*x(8,38) - 6.15*x(8,39) - 5.72*x(8,40) - 18.77*x(9,1) - 0.84*x(9,2) - 13.57*x(9,3) - 5.13*x(9,4) - 7.76*x(9,5) - 13.85*x(9,6) - 9.42*x(9,7) - 6.13*x(9,8) - 999*x(9,9) - 3.25*x(9,10) - 7.54*x(9,11) - 12.71*x(9,12) - 18.24*x(9,13) - 14.28*x(9,14) - 9.44*x(9,15) - 9.5*x(9,16) - 9.6*x(9,17) - 4.66*x(9,18) - 13.26*x(9,19) - 3.24*x(9,20) - 8.13*x(9,21) - 6.01*x(9,22) - 7.21*x(9,23) - 13.5*x(9,24) - 5.17*x(9,25) - 5.24*x(9,26) - 10.17*x(9,27) - 10.86*x(9,28) - 8.44*x(9,29) - 2.42*x(9,30) - 4.94*x(9,31) - 5.36*x(9,32) - 10.85*x(9,33) - 9.07*x(9,34) - 7.13*x(9,35) - 15.66*x(9,36) - 3.24*x(9,37) - 39.38*x(9,38) - 3.29*x(9,39) - 2.37*x(9,40) - 17.79*x(10,1) - 3.44*x(10,2) - 16.53*x(10,3) - 8.36*x(10,4) - 5.58*x(10,5) - 16.35*x(10,6) - 8.45*x(10,7) - 5.99*x(10,8) - 3.25*x(10,9) - 999*x(10,10) - 10.77*x(10,11) - 12.54*x(10,12) - 18.16*x(10,13) - 17.42*x(10,14) - 12.59*x(10,15) - 12.18*x(10,16) - 12.84*x(10,17) - 7.61*x(10,18) - 15.98*x(10,19) - 2.65*x(10,20) - 5.65*x(10,21) - 8.37*x(10,22) - 10.45*x(10,23) - 16.5*x(10,24) - 7.57*x(10,25) - 3.54*x(10,26) - 13.24*x(10,27) - 10.64*x(10,28) - 6.36*x(10,29) - 1.26*x(10,30) - 6.85*x(10,31) - 8.49*x(10,32) - 12.62*x(10,33) - 12.22*x(10,34) - 6.44*x(10,35) - 18.68*x(10,36) - 2.65*x(10,37) - 40.3*x(10,38) - 0.16*x(10,39) - 5.3*x(10,40) - 22.07*x(11,1) - 7.58*x(11,2) - 7.02*x(11,3) - 2.42*x(11,4) - 14.17*x(11,5) - 9.11*x(11,6) - 14.01*x(11,7) - 11.5*x(11,8) - 7.54*x(11,9) - 10.77*x(11,10) - 999*x(11,11) - 15.23*x(11,12) - 19.76*x(11,13) - 6.97*x(11,14) - 2.39*x(11,15) - 5.22*x(11,16) - 2.06*x(11,17) - 3.92*x(11,18) - 7.78*x(11,19) - 10.19*x(11,20) - 14.79*x(11,21) - 5.55*x(11,22) - 1.57*x(11,23) - 6.81*x(11,24) - 5.51*x(11,25) - 11.72*x(11,26) - 3.55*x(11,27) - 13.88*x(11,28) - 14.63*x(11,29) - 9.78*x(11,30) - 7.82*x(11,31) - 2.66*x(11,32) - 9.31*x(11,33) - 3.55*x(11,34) - 11.96*x(11,35) - 8.76*x(11,36) - 10.19*x(11,37) - 37.43*x(11,38) - 10.8*x(11,39) - 6.11*x(11,40) - 6.85*x(12,1) - 13.55*x(12,2) - 15.75*x(12,3) - 13.93*x(12,4) - 8.62*x(12,5) - 12.62*x(12,6) - 4.59*x(12,7) - 18.34*x(12,8) - 12.71*x(12,9) - 12.54*x(12,10) - 15.23*x(12,11) - 999*x(12,12) - 5.62*x(12,13) - 18.13*x(12,14) - 15.04*x(12,15) - 11.58*x(12,16) - 16.5*x(12,17) - 11.8*x(12,18) - 13.67*x(12,19) - 14.93*x(12,20) - 9.37*x(12,21) - 9.7*x(12,22) - 16.25*x(12,23) - 16.03*x(12,24) - 9.94*x(12,25) - 9.17*x(12,26) - 14.6*x(12,27) - 1.9*x(12,28) - 8.06*x(12,29) - 11.7*x(12,30) - 17.58*x(12,31) - 12.94*x(12,32) - 7.59*x(12,33) - 18.61*x(12,34) - 6.12*x(12,35) - 17.75*x(12,36) - 14.93*x(12,37) - 28.3*x(12,38) - 12.39*x(12,39) - 14.59*x(12,40) - 5.1*x(13,1) - 19.07*x(13,2) - 18.58*x(13,3) - 18.85*x(13,4) - 13.93*x(13,5) - 14.78*x(13,6) - 9.99*x(13,7) - 23.95*x(13,8) - 18.24*x(13,9) - 18.16*x(13,10) - 19.76*x(13,11) - 5.62*x(13,12) - 999*x(13,13) - 21.19*x(13,14) - 19.07*x(13,15) - 15.3*x(13,16) - 20.69*x(13,17) - 16.75*x(13,18) - 16.24*x(13,19) - 20.54*x(13,20) - 14.6*x(13,21) - 14.48*x(13,22) - 20.97*x(13,23) - 18.93*x(13,24) - 14.9*x(13,25) - 14.75*x(13,26) - 18.37*x(13,27) - 7.52*x(13,28) - 13.28*x(13,29) - 17.32*x(13,30) - 23.04*x(13,31) - 17.76*x(13,32) - 10.82*x(13,33) - 23.27*x(13,34) - 11.73*x(13,35) - 20.23*x(13,36) - 20.54*x(13,37) - 23.22*x(13,38) - 18.01*x(13,39) - 19.99*x(13,40) - 24.76*x(14,1) - 14.44*x(14,2) - 2.67*x(14,3) - 9.24*x(14,4) - 19.84*x(14,5) - 6.73*x(14,6) - 18.54*x(14,7) - 18.42*x(14,8) - 14.28*x(14,9) - 17.42*x(14,10) - 6.97*x(14,11) - 18.13*x(14,12) - 21.19*x(14,13) - 999*x(14,14) - 4.84*x(14,15) - 6.71*x(14,16) - 5.11*x(14,17) - 9.88*x(14,18) - 5.05*x(14,19) - 17.11*x(14,20) - 20.59*x(14,21) - 10.13*x(14,22) - 8.04*x(14,23) - 2.28*x(14,24) - 10.62*x(14,25) - 17.64*x(14,26) - 4.28*x(14,27) - 17.38*x(14,28) - 20.13*x(14,29) - 16.3*x(14,30) - 14.63*x(14,31) - 8.93*x(14,32) - 10.63*x(14,33) - 8.18*x(14,34) - 16.96*x(14,35) - 2.4*x(14,36) - 17.11*x(14,37) - 34.47*x(14,38) - 17.42*x(14,39) - 13.07*x(14,40) - 21.88*x(15,1) - 9.62*x(15,2) - 4.63*x(15,3) - 4.44*x(15,4) - 15.33*x(15,5) - 7.02*x(15,6) - 14.55*x(15,7) - 13.84*x(15,8) - 9.44*x(15,9) - 12.59*x(15,10) - 2.39*x(15,11) - 15.04*x(15,12) - 19.07*x(15,13) - 4.84*x(15,14) - 999*x(15,15) - 3.83*x(15,16) - 1.7*x(15,17) - 5.12*x(15,18) - 5.54*x(15,19) - 12.31*x(15,20) - 16.03*x(15,21) - 5.87*x(15,22) - 3.84*x(15,23) - 4.42*x(15,24) - 6.16*x(15,25) - 13.01*x(15,26) - 1.22*x(15,27) - 13.93*x(15,28) - 15.7*x(15,29) - 11.49*x(15,30) - 10.21*x(15,31) - 4.11*x(15,32) - 8.3*x(15,33) - 5.15*x(15,34) - 12.72*x(15,35) - 6.42*x(15,36) - 12.31*x(15,37) - 35.57*x(15,38) - 12.6*x(15,39) - 8.32*x(15,40) - 18.35*x(16,1) - 9.98*x(16,2) - 4.79*x(16,3) - 5.82*x(16,4) - 13.5*x(16,5) - 4.43*x(16,6) - 11.86*x(16,7) - 15.03*x(16,8) - 9.5*x(16,9) - 12.18*x(16,10) - 5.22*x(16,11) - 11.58*x(16,12) - 15.3*x(16,13) - 6.71*x(16,14) - 3.83*x(16,15) - 999*x(16,16) - 5.51*x(16,17) - 4.91*x(16,18) - 3.79*x(16,19) - 12.72*x(16,20) - 14.31*x(16,21) - 3.92*x(16,22) - 6.76*x(16,23) - 4.92*x(16,24) - 4.65*x(16,25) - 11.54*x(16,26) - 3.08*x(16,27) - 10.71*x(16,28) - 13.69*x(16,29) - 10.95*x(16,30) - 11.96*x(16,31) - 4.79*x(16,32) - 4.48*x(16,33) - 8.66*x(16,34) - 10.41*x(16,35) - 7.02*x(16,36) - 12.72*x(16,37) - 32.23*x(16,38) - 12.14*x(16,39) - 9.32*x(16,40) - 23.35*x(17,1) - 9.63*x(17,2) - 5.72*x(17,3) - 4.48*x(17,4) - 16.12*x(17,5) - 8.59*x(17,6) - 15.69*x(17,7) - 13.32*x(17,8) - 9.6*x(17,9) - 12.84*x(17,10) - 2.06*x(17,11) - 16.5*x(17,12) - 20.69*x(17,13) - 5.11*x(17,14) - 1.7*x(17,15) - 5.51*x(17,16) - 999*x(17,17) - 5.8*x(17,18) - 7.03*x(17,19) - 12.2*x(17,20) - 16.76*x(17,21) - 7.05*x(17,22) - 2.93*x(17,23) - 5.42*x(17,24) - 7.18*x(17,25) - 13.7*x(17,26) - 2.8*x(17,27) - 15.3*x(17,28) - 16.54*x(17,29) - 11.83*x(17,30) - 9.52*x(17,31) - 4.59*x(17,32) - 9.95*x(17,33) - 3.6*x(17,34) - 13.74*x(17,35) - 7.14*x(17,36) - 12.2*x(17,37) - 37.19*x(17,38) - 12.87*x(17,39) - 8.11*x(17,40) - 18.54*x(18,1) - 5.08*x(18,2) - 8.94*x(18,3) - 2.14*x(18,4) - 10.32*x(18,5) - 9.33*x(18,6) - 10.13*x(18,7) - 10.16*x(18,8) - 4.66*x(18,9) - 7.61*x(18,10) - 3.92*x(18,11) - 11.8*x(18,12) - 16.75*x(18,13) - 9.88*x(18,14) - 5.12*x(18,15) - 4.91*x(18,16) - 5.8*x(18,17) - 999*x(18,18) - 8.62*x(18,19) - 7.83*x(18,20) - 10.98*x(18,21) - 2.34*x(18,22) - 4.55*x(18,23) - 8.9*x(18,24) - 1.86*x(18,25) - 7.93*x(18,26) - 5.65*x(18,27) - 10.28*x(18,28) - 10.75*x(18,29) - 6.45*x(18,30) - 7.38*x(18,31) - 1.27*x(18,32) - 7.3*x(18,33) - 6.91*x(18,34) - 8.05*x(18,35) - 11.07*x(18,36) - 7.83*x(18,37) - 36.15*x(18,38) - 7.6*x(18,39) - 4.5*x(18,40) - 20.06*x(19,1) - 13.7*x(19,2) - 2.38*x(19,3) - 9.14*x(19,4) - 17.02*x(19,5) - 1.74*x(19,6) - 14.91*x(19,7) - 18.6*x(19,8) - 13.26*x(19,9) - 15.98*x(19,10) - 7.78*x(19,11) - 13.67*x(19,12) - 16.24*x(19,13) - 5.05*x(19,14) - 5.54*x(19,15) - 3.79*x(19,16) - 7.03*x(19,17) - 8.62*x(19,18) - 999*x(19,19) - 16.45*x(19,20) - 17.85*x(19,21) - 7.67*x(19,22) - 9.32*x(19,23) - 2.77*x(19,24) - 8.43*x(19,25) - 15.2*x(19,26) - 4.32*x(19,27) - 13.23*x(19,28) - 17.13*x(19,29) - 14.74*x(19,30) - 15.3*x(19,31) - 8.27*x(19,32) - 6.09*x(19,33) - 10.63*x(19,34) - 13.76*x(19,35) - 4.09*x(19,36) - 16.45*x(19,37) - 30.25*x(19,38) - 15.94*x(19,39) - 12.89*x(19,40) - 20.4*x(20,1) - 2.76*x(20,2) - 16.63*x(20,3) - 7.88*x(20,4) - 8.22*x(20,5) - 17.09*x(20,6) - 11.01*x(20,7) - 3.42*x(20,8) - 3.24*x(20,9) - 2.65*x(20,10) - 10.19*x(20,11) - 14.93*x(20,12) - 20.54*x(20,13) - 17.11*x(20,14) - 12.31*x(20,15) - 12.72*x(20,16) - 12.2*x(20,17) - 7.83*x(20,18) - 16.45*x(20,19) - 999*x(20,20) - 8.24*x(20,21) - 9.25*x(20,22) - 9.49*x(20,23) - 16.53*x(20,24) - 8.41*x(20,25) - 6.16*x(20,26) - 13.16*x(20,27) - 13.03*x(20,28) - 9.01*x(20,29) - 3.23*x(20,30) - 4.55*x(20,31) - 8.36*x(20,32) - 14*x(20,33) - 10.88*x(20,34) - 8.9*x(20,35) - 18.66*x(20,36) - 42.28*x(20,38) - 2.81*x(20,39) - 4.1*x(20,40) - 13.04*x(21,1) - 8.68*x(21,2) - 19.07*x(21,3) - 12.51*x(21,4) - 0.88*x(21,5) - 17.67*x(21,6) - 4.8*x(21,7) - 11.33*x(21,8) - 8.13*x(21,9) - 5.65*x(21,10) - 14.79*x(21,11) - 9.37*x(21,12) - 14.6*x(21,13) - 20.59*x(21,14) - 16.03*x(21,15) - 14.31*x(21,16) - 16.76*x(21,17) - 10.98*x(21,18) - 17.85*x(21,19) - 8.24*x(21,20) - 999*x(21,21) - 10.5*x(21,22) - 14.93*x(21,23) - 19.16*x(21,24) - 9.97*x(21,25) - 3.08*x(21,26) - 16.32*x(21,27) - 7.73*x(21,28) - 1.32*x(21,29) - 5.79*x(21,30) - 12.47*x(21,31) - 12.17*x(21,32) - 12.85*x(21,33) - 17.02*x(21,34) - 4.34*x(21,35) - 21.31*x(21,36) - 8.24*x(21,37) - 37.65*x(21,38) - 5.51*x(21,39) - 10.48*x(21,40) - 16.52*x(22,1) - 6.64*x(22,2) - 8.6*x(22,3) - 4.38*x(22,4) - 9.73*x(22,5) - 7.98*x(22,6) - 8.69*x(22,7) - 11.97*x(22,8) - 6.01*x(22,9) - 8.37*x(22,10) - 5.55*x(22,11) - 9.7*x(22,12) - 14.48*x(22,13) - 10.13*x(22,14) - 5.87*x(22,15) - 3.92*x(22,16) - 7.05*x(22,17) - 2.34*x(22,18) - 7.67*x(22,19) - 9.25*x(22,20) - 10.5*x(22,21) - 999*x(22,22) - 6.56*x(22,23) - 8.67*x(22,24) - 0.84*x(22,25) - 7.65*x(22,26) - 5.91*x(22,27) - 8.33*x(22,28) - 10*x(22,29) - 7.12*x(22,30) - 9.55*x(22,31) - 3.29*x(22,32) - 5.07*x(22,33) - 8.91*x(22,34) - 6.88*x(22,35) - 10.83*x(22,36) - 9.25*x(22,37) - 33.93*x(22,38) - 8.32*x(22,39) - 6.54*x(22,40) - 23.04*x(23,1) - 7.08*x(23,2) - 8.42*x(23,3) - 2.51*x(23,4) - 14.38*x(23,5) - 10.67*x(23,6) - 14.64*x(23,7) - 10.41*x(23,8) - 7.21*x(23,9) - 10.45*x(23,10) - 1.57*x(23,11) - 16.25*x(23,12) - 20.97*x(23,13) - 8.04*x(23,14) - 3.84*x(23,15) - 6.76*x(23,16) - 2.93*x(23,17) - 4.55*x(23,18) - 9.32*x(23,19) - 9.49*x(23,20) - 14.93*x(23,21) - 6.56*x(23,22) - 999*x(23,23) - 8.17*x(23,24) - 6.34*x(23,25) - 11.86*x(23,26) - 5.04*x(23,27) - 14.8*x(23,28) - 14.91*x(23,29) - 9.58*x(23,30) - 6.59*x(23,31) - 3.33*x(23,32) - 10.72*x(23,33) - 2.36*x(23,34) - 12.49*x(23,35) - 10.02*x(23,36) - 9.49*x(23,37) - 38.98*x(23,38) - 10.5*x(23,39) - 5.4*x(23,40) - 22.59*x(24,1) - 13.79*x(24,2) - 0.42*x(24,3) - 8.75*x(24,4) - 18.37*x(24,5) - 4.47*x(24,6) - 16.75*x(24,7) - 18.24*x(24,8) - 13.5*x(24,9) - 16.5*x(24,10) - 6.81*x(24,11) - 16.03*x(24,12) - 18.93*x(24,13) - 2.28*x(24,14) - 4.42*x(24,15) - 4.92*x(24,16) - 5.42*x(24,17) - 8.9*x(24,18) - 2.77*x(24,19) - 16.53*x(24,20) - 19.16*x(24,21) - 8.67*x(24,22) - 8.17*x(24,23) - 999*x(24,24) - 9.28*x(24,25) - 16.31*x(24,26) - 3.39*x(24,27) - 15.39*x(24,28) - 18.59*x(24,29) - 15.32*x(24,30) - 14.62*x(24,31) - 8.17*x(24,32) - 8.47*x(24,33) - 8.94*x(24,34) - 15.32*x(24,35) - 2.19*x(24,36) - 16.53*x(24,37) - 32.59*x(24,38) - 16.49*x(24,39) - 12.65*x(24,40) - 16.7*x(25,1) - 5.81*x(25,2) - 9.24*x(25,3) - 4*x(25,4) - 9.23*x(25,5) - 8.8*x(25,6) - 8.52*x(25,7) - 11.15*x(25,8) - 5.17*x(25,9) - 7.57*x(25,10) - 5.51*x(25,11) - 9.94*x(25,12) - 14.9*x(25,13) - 10.62*x(25,14) - 6.16*x(25,15) - 4.65*x(25,16) - 7.18*x(25,17) - 1.86*x(25,18) - 8.43*x(25,19) - 8.41*x(25,20) - 9.97*x(25,21) - 0.84*x(25,22) - 6.34*x(25,23) - 9.28*x(25,24) - 999*x(25,25) - 7.04*x(25,26) - 6.36*x(25,27) - 8.45*x(25,28) - 9.55*x(25,29) - 6.32*x(25,30) - 8.81*x(25,31) - 3.02*x(25,32) - 5.84*x(25,33) - 8.71*x(25,34) - 6.57*x(25,35) - 11.46*x(25,36) - 8.41*x(25,37) - 34.67*x(25,38) - 7.52*x(25,39) - 5.77*x(25,40) - 14.25*x(26,1) - 5.89*x(26,2) - 16.25*x(26,3) - 9.43*x(26,4) - 2.55*x(26,5) - 15.2*x(26,6) - 4.92*x(26,7) - 9.53*x(26,8) - 5.24*x(26,9) - 3.54*x(26,10) - 11.72*x(26,11) - 9.17*x(26,12) - 14.75*x(26,13) - 17.64*x(26,14) - 13.01*x(26,15) - 11.54*x(26,16) - 13.7*x(26,17) - 7.93*x(26,18) - 15.2*x(26,19) - 6.16*x(26,20) - 3.08*x(26,21) - 7.65*x(26,22) - 11.86*x(26,23) - 16.31*x(26,24) - 7.04*x(26,25) - 999*x(26,26) - 13.36*x(26,27) - 7.29*x(26,28) - 3.2*x(26,29) - 3.14*x(26,30) - 9.91*x(26,31) - 9.11*x(26,32) - 10.72*x(26,33) - 13.98*x(26,34) - 3.07*x(26,35) - 18.48*x(26,36) - 6.16*x(26,37) - 37.25*x(26,38) - 3.39*x(26,39) - 7.6*x(26,40) - 21.4*x(27,1) - 10.43*x(27,2) - 3.54*x(27,3) - 5.36*x(27,4) - 15.59*x(27,5) - 5.82*x(27,6) - 14.48*x(27,7) - 14.86*x(27,8) - 10.17*x(27,9) - 13.24*x(27,10) - 3.55*x(27,11) - 14.6*x(27,12) - 18.37*x(27,13) - 4.28*x(27,14) - 1.22*x(27,15) - 3.08*x(27,16) - 2.8*x(27,17) - 5.65*x(27,18) - 4.32*x(27,19) - 13.16*x(27,20) - 16.32*x(27,21) - 5.91*x(27,22) - 5.04*x(27,23) - 3.39*x(27,24) - 6.36*x(27,25) - 13.36*x(27,26) - 999*x(27,27) - 13.62*x(27,28) - 15.89*x(27,29) - 12.1*x(27,30) - 11.31*x(27,31) - 4.82*x(27,32) - 7.55*x(27,33) - 6.34*x(27,34) - 12.79*x(27,35) - 5.5*x(27,36) - 13.16*x(27,37) - 34.4*x(27,38) - 13.24*x(27,39) - 9.26*x(27,40) - 8.27*x(28,1) - 11.7*x(28,2) - 15.15*x(28,3) - 12.41*x(28,4) - 6.93*x(28,5) - 12.4*x(28,6) - 2.95*x(28,7) - 16.45*x(28,8) - 10.86*x(28,9) - 10.64*x(28,10) - 13.88*x(28,11) - 1.9*x(28,12) - 7.52*x(28,13) - 17.38*x(28,14) - 13.93*x(28,15) - 10.71*x(28,16) - 15.3*x(28,17) - 10.28*x(28,18) - 13.23*x(28,19) - 13.03*x(28,20) - 7.73*x(28,21) - 8.33*x(28,22) - 14.8*x(28,23) - 15.39*x(28,24) - 8.45*x(28,25) - 7.29*x(28,26) - 13.62*x(28,27) - 999*x(28,28) - 6.45*x(28,29) - 9.8*x(28,30) - 15.76*x(28,31) - 11.47*x(28,32) - 7.19*x(28,33) - 17.16*x(28,34) - 4.23*x(28,35) - 17.25*x(28,36) - 13.03*x(28,37) - 30.07*x(28,38) - 10.5*x(28,39) - 12.8*x(28,40) - 11.84*x(29,1) - 9.07*x(29,2) - 18.48*x(29,3) - 12.43*x(29,4) - 0.8*x(29,5) - 16.85*x(29,6) - 3.5*x(29,7) - 12.23*x(29,8) - 8.44*x(29,9) - 6.36*x(29,10) - 14.63*x(29,11) - 8.06*x(29,12) - 13.28*x(29,13) - 20.13*x(29,14) - 15.7*x(29,15) - 13.69*x(29,16) - 16.54*x(29,17) - 10.75*x(29,18) - 17.13*x(29,19) - 9.01*x(29,20) - 1.32*x(29,21) - 10*x(29,22) - 14.91*x(29,23) - 18.59*x(29,24) - 9.55*x(29,25) - 3.2*x(29,26) - 15.89*x(29,27) - 6.45*x(29,28) - 999*x(29,29) - 6.25*x(29,30) - 13.04*x(29,31) - 11.98*x(29,32) - 11.9*x(29,33) - 17.09*x(29,34) - 3.4*x(29,35) - 20.71*x(29,36) - 9.01*x(29,37) - 36.33*x(29,38) - 6.21*x(29,39) - 10.8*x(29,40) - 17.25*x(30,1) - 2.88*x(30,2) - 15.34*x(30,3) - 7.37*x(30,4) - 5.53*x(30,5) - 15.1*x(30,6) - 7.84*x(30,7) - 6.65*x(30,8) - 2.42*x(30,9) - 1.26*x(30,10) - 9.78*x(30,11) - 11.7*x(30,12) - 17.32*x(30,13) - 16.3*x(30,14) - 11.49*x(30,15) - 10.95*x(30,16) - 11.83*x(30,17) - 6.45*x(30,18) - 14.74*x(30,19) - 3.23*x(30,20) - 5.79*x(30,21) - 7.12*x(30,22) - 9.58*x(30,23) - 15.32*x(30,24) - 6.32*x(30,25) - 3.14*x(30,26) - 12.1*x(30,27) - 9.8*x(30,28) - 6.25*x(30,29) - 999*x(30,30) - 6.79*x(30,31) - 7.39*x(30,32) - 11.39*x(30,33) - 11.48*x(30,34) - 5.69*x(30,35) - 17.51*x(30,36) - 3.23*x(30,37) - 39.23*x(30,38) - 1.2*x(30,39) - 4.71*x(30,40) - 23.71*x(31,1) - 4.14*x(31,2) - 14.83*x(31,3) - 6.18*x(31,4) - 12.29*x(31,5) - 16.35*x(31,6) - 14.35*x(31,7) - 3.93*x(31,8) - 4.94*x(31,9) - 6.85*x(31,10) - 7.82*x(31,11) - 17.58*x(31,12) - 23.04*x(31,13) - 14.63*x(31,14) - 10.21*x(31,15) - 11.96*x(31,16) - 9.52*x(31,17) - 7.38*x(31,18) - 15.3*x(31,19) - 4.55*x(31,20) - 12.47*x(31,21) - 9.55*x(31,22) - 6.59*x(31,23) - 14.62*x(31,24) - 8.81*x(31,25) - 9.91*x(31,26) - 11.31*x(31,27) - 15.76*x(31,28) - 13.04*x(31,29) - 6.79*x(31,30) - 999*x(31,31) - 7.17*x(31,32) - 14.62*x(31,33) - 7.18*x(31,34) - 12.07*x(31,35) - 16.57*x(31,36) - 4.55*x(31,37) - 43.47*x(31,38) - 6.98*x(31,39) - 3.09*x(31,40) - 19.72*x(32,1) - 5.62*x(32,2) - 8.27*x(32,3) - 1.16*x(32,4) - 11.54*x(32,5) - 9.2*x(32,6) - 11.4*x(32,7) - 10.33*x(32,8) - 5.36*x(32,9) - 8.49*x(32,10) - 2.66*x(32,11) - 12.94*x(32,12) - 17.76*x(32,13) - 8.93*x(32,14) - 4.11*x(32,15) - 4.79*x(32,16) - 4.59*x(32,17) - 1.27*x(32,18) - 8.27*x(32,19) - 8.36*x(32,20) - 12.17*x(32,21) - 3.29*x(32,22) - 3.33*x(32,23) - 8.17*x(32,24) - 3.02*x(32,25) - 9.11*x(32,26) - 4.82*x(32,27) - 11.47*x(32,28) - 11.98*x(32,29) - 7.39*x(32,30) - 7.17*x(32,31) - 999*x(32,32) - 7.9*x(32,33) - 5.69*x(32,34) - 9.32*x(32,35) - 10.32*x(32,36) - 8.36*x(32,37) - 36.64*x(32,38) - 8.49*x(32,39) - 4.62*x(32,40) - 14.13*x(33,1) - 11.56*x(33,2) - 8.18*x(33,3) - 9.07*x(33,4) - 11.97*x(33,5) - 5.22*x(33,6) - 9.18*x(33,7) - 16.94*x(33,8) - 10.85*x(33,9) - 12.62*x(33,10) - 9.31*x(33,11) - 7.59*x(33,12) - 10.82*x(33,13) - 10.63*x(33,14) - 8.3*x(33,15) - 4.48*x(33,16) - 9.95*x(33,17) - 7.3*x(33,18) - 6.09*x(33,19) - 14*x(33,20) - 12.85*x(33,21) - 5.07*x(33,22) - 10.72*x(33,23) - 8.47*x(33,24) - 5.84*x(33,25) - 10.72*x(33,26) - 7.55*x(33,27) - 7.19*x(33,28) - 11.9*x(33,29) - 11.39*x(33,30) - 14.62*x(33,31) - 7.9*x(33,32) - 999*x(33,33) - 12.86*x(33,34) - 8.52*x(33,35) - 10.16*x(33,36) - 14*x(33,37) - 28.86*x(33,38) - 12.53*x(33,39) - 11.61*x(33,40) - 25.4*x(34,1) - 8.78*x(34,2) - 9.27*x(34,3) - 4.83*x(34,4) - 16.53*x(34,5) - 12.16*x(34,6) - 16.97*x(34,7) - 11.11*x(34,8) - 9.07*x(34,9) - 12.22*x(34,10) - 3.55*x(34,11) - 18.61*x(34,12) - 23.27*x(34,13) - 8.18*x(34,14) - 5.15*x(34,15) - 8.66*x(34,16) - 3.6*x(34,17) - 6.91*x(34,18) - 10.63*x(34,19) - 10.88*x(34,20) - 17.02*x(34,21) - 8.91*x(34,22) - 2.36*x(34,23) - 8.94*x(34,24) - 8.71*x(34,25) - 13.98*x(34,26) - 6.34*x(34,27) - 17.16*x(34,28) - 17.09*x(34,29) - 11.48*x(34,30) - 7.18*x(34,31) - 5.69*x(34,32) - 12.86*x(34,33) - 999*x(34,34) - 14.79*x(34,35) - 10.44*x(34,36) - 10.88*x(34,37) - 40.71*x(34,38) - 12.29*x(34,39) - 6.95*x(34,40) - 11.66*x(35,1) - 7.93*x(35,2) - 15.19*x(35,3) - 9.98*x(35,4) - 3.46*x(35,5) - 13.45*x(35,6) - 2.3*x(35,7) - 12.32*x(35,8) - 7.13*x(35,9) - 6.44*x(35,10) - 11.96*x(35,11) - 6.12*x(35,12) - 11.73*x(35,13) - 16.96*x(35,14) - 12.72*x(35,15) - 10.41*x(35,16) - 13.74*x(35,17) - 8.05*x(35,18) - 13.76*x(35,19) - 8.9*x(35,20) - 4.34*x(35,21) - 6.88*x(35,22) - 12.49*x(35,23) - 15.32*x(35,24) - 6.57*x(35,25) - 3.07*x(35,26) - 12.79*x(35,27) - 4.23*x(35,28) - 3.4*x(35,29) - 5.69*x(35,30) - 12.07*x(35,31) - 9.32*x(35,32) - 8.52*x(35,33) - 14.79*x(35,34) - 999*x(35,35) - 17.42*x(35,36) - 8.9*x(35,37) - 34.19*x(35,38) - 6.29*x(35,39) - 9.32*x(35,40) - 24.14*x(36,1) - 15.93*x(36,2) - 2.24*x(36,3) - 10.83*x(36,4) - 20.51*x(36,5) - 5.45*x(36,6) - 18.76*x(36,7) - 20.26*x(36,8) - 15.66*x(36,9) - 18.68*x(36,10) - 8.76*x(36,11) - 17.75*x(36,12) - 20.23*x(36,13) - 2.4*x(36,14) - 6.42*x(36,15) - 7.02*x(36,16) - 7.14*x(36,17) - 11.07*x(36,18) - 4.09*x(36,19) - 18.66*x(36,20) - 21.31*x(36,21) - 10.83*x(36,22) - 10.02*x(36,23) - 2.19*x(36,24) - 11.46*x(36,25) - 18.48*x(36,26) - 5.5*x(36,27) - 17.25*x(36,28) - 20.71*x(36,29) - 17.51*x(36,30) - 16.57*x(36,31) - 10.32*x(36,32) - 10.16*x(36,33) - 10.44*x(36,34) - 17.42*x(36,35) - 999*x(36,36) - 18.66*x(36,37) - 32.25*x(36,38) - 18.67*x(36,39) - 14.73*x(36,40) - 20.4*x(37,1) - 2.76*x(37,2) - 16.63*x(37,3) - 7.88*x(37,4) - 8.22*x(37,5) - 17.09*x(37,6) - 11.01*x(37,7) - 3.42*x(37,8) - 3.24*x(37,9) - 2.65*x(37,10) - 10.19*x(37,11) - 14.93*x(37,12) - 20.54*x(37,13) - 17.11*x(37,14) - 12.31*x(37,15) - 12.72*x(37,16) - 12.2*x(37,17) - 7.83*x(37,18) - 16.45*x(37,19) - 8.24*x(37,21) - 9.25*x(37,22) - 9.49*x(37,23) - 16.53*x(37,24) - 8.41*x(37,25) - 6.16*x(37,26) - 13.16*x(37,27) - 13.03*x(37,28) - 9.01*x(37,29) - 3.23*x(37,30) - 4.55*x(37,31) - 8.36*x(37,32) - 14*x(37,33) - 10.88*x(37,34) - 8.9*x(37,35) - 18.66*x(37,36) - 999*x(37,37) - 42.28*x(37,38) - 2.81*x(37,39) - 4.1*x(37,40) - 26.7*x(38,1) - 40.17*x(38,2) - 32.17*x(38,3) - 37.79*x(38,4) - 36.92*x(38,5) - 28.61*x(38,6) - 32.89*x(38,7) - 45.5*x(38,8) - 39.38*x(38,9) - 40.3*x(38,10) - 37.43*x(38,11) - 28.3*x(38,12) - 23.22*x(38,13) - 34.47*x(38,14) - 35.57*x(38,15) - 32.23*x(38,16) - 37.19*x(38,17) - 36.15*x(38,18) - 30.25*x(38,19) - 42.28*x(38,20) - 37.65*x(38,21) - 33.93*x(38,22) - 38.98*x(38,23) - 32.59*x(38,24) - 34.67*x(38,25) - 37.25*x(38,26) - 34.4*x(38,27) - 30.07*x(38,28) - 36.33*x(38,29) - 39.23*x(38,30) - 43.47*x(38,31) - 36.64*x(38,32) - 28.86*x(38,33) - 40.71*x(38,34) - 34.19*x(38,35) - 32.25*x(38,36) - 42.28*x(38,37) - 999*x(38,38) - 40.17*x(38,39) - 40.44*x(38,40) - 17.64*x(39,1) - 3.52*x(39,2) - 16.52*x(39,3) - 8.39*x(39,4) - 5.43*x(39,5) - 16.3*x(39,6) - 8.29*x(39,7) - 6.15*x(39,8) - 3.29*x(39,9) - 0.16*x(39,10) - 10.8*x(39,11) - 12.39*x(39,12) - 18.01*x(39,13) - 17.42*x(39,14) - 12.6*x(39,15) - 12.14*x(39,16) - 12.87*x(39,17) - 7.6*x(39,18) - 15.94*x(39,19) - 2.81*x(39,20) - 5.51*x(39,21) - 8.32*x(39,22) - 10.5*x(39,23) - 16.49*x(39,24) - 7.52*x(39,25) - 3.39*x(39,26) - 13.24*x(39,27) - 10.5*x(39,28) - 6.21*x(39,29) - 1.2*x(39,30) - 6.98*x(39,31) - 8.49*x(39,32) - 12.53*x(39,33) - 12.29*x(39,34) - 6.29*x(39,35) - 18.67*x(39,36) - 2.81*x(39,37) - 40.17*x(39,38) - 999*x(39,39) - 5.38*x(39,40) - 20.87*x(40,1) - 1.86*x(40,2) - 12.79*x(40,3) - 3.9*x(40,4) - 10.13*x(40,5) - 13.76*x(40,6) - 11.62*x(40,7) - 5.72*x(40,8) - 2.37*x(40,9) - 5.3*x(40,10) - 6.11*x(40,11) - 14.59*x(40,12) - 19.99*x(40,13) - 13.07*x(40,14) - 8.32*x(40,15) - 9.32*x(40,16) - 8.11*x(40,17) - 4.5*x(40,18) - 12.89*x(40,19) - 4.1*x(40,20) - 10.48*x(40,21) - 6.54*x(40,22) - 5.4*x(40,23) - 12.65*x(40,24) - 5.77*x(40,25) - 7.6*x(40,26) - 9.26*x(40,27) - 12.8*x(40,28) - 10.8*x(40,29) - 4.71*x(40,30) - 3.09*x(40,31) - 4.62*x(40,32) - 11.61*x(40,33) - 6.95*x(40,34) - 9.32*x(40,35) - 14.73*x(40,36) - 4.1*x(40,37) - 40.44*x(40,38) - 5.38*x(40,39) - 999*x(40,40) =E= 0 ; (LHS = 0)
     

---- r1  =E=  

r1(1)..  x(1,1) + x(2,1) + x(3,1) + x(4,1) + x(5,1) + x(6,1) + x(7,1) + x(8,1) + x(9,1) + x(10,1) + x(11,1) + x(12,1) + x(13,1) + x(14,1) + x(15,1) + x(16,1) + x(17,1) + x(18,1) + x(19,1) + x(20,1) + x(21,1) + x(22,1) + x(23,1) + x(24,1) + x(25,1) + x(26,1) + x(27,1) + x(28,1) + x(29,1) + x(30,1) + x(31,1) + x(32,1) + x(33,1) + x(34,1) + x(35,1) + x(36,1) + x(37,1) + x(38,1) + x(39,1) + x(40,1) =E= 1 ; (LHS = 0, INFES = 1 ****)
     
r1(2)..  x(1,2) + x(2,2) + x(3,2) + x(4,2) + x(5,2) + x(6,2) + x(7,2) + x(8,2) + x(9,2) + x(10,2) + x(11,2) + x(12,2) + x(13,2) + x(14,2) + x(15,2) + x(16,2) + x(17,2) + x(18,2) + x(19,2) + x(20,2) + x(21,2) + x(22,2) + x(23,2) + x(24,2) + x(25,2) + x(26,2) + x(27,2) + x(28,2) + x(29,2) + x(30,2) + x(31,2) + x(32,2) + x(33,2) + x(34,2) + x(35,2) + x(36,2) + x(37,2) + x(38,2) + x(39,2) + x(40,2) =E= 1 ; (LHS = 0, INFES = 1 ****)
     
r1(3)..  x(1,3) + x(2,3) + x(3,3) + x(4,3) + x(5,3) + x(6,3) + x(7,3) + x(8,3) + x(9,3) + x(10,3) + x(11,3) + x(12,3) + x(13,3) + x(14,3) + x(15,3) + x(16,3) + x(17,3) + x(18,3) + x(19,3) + x(20,3) + x(21,3) + x(22,3) + x(23,3) + x(24,3) + x(25,3) + x(26,3) + x(27,3) + x(28,3) + x(29,3) + x(30,3) + x(31,3) + x(32,3) + x(33,3) + x(34,3) + x(35,3) + x(36,3) + x(37,3) + x(38,3) + x(39,3) + x(40,3) =E= 1 ; (LHS = 0, INFES = 1 ****)
     
REMAINING 37 ENTRIES SKIPPED


---- r2  =E=  

r2(1)..  x(1,1) + x(1,2) + x(1,3) + x(1,4) + x(1,5) + x(1,6) + x(1,7) + x(1,8) + x(1,9) + x(1,10) + x(1,11) + x(1,12) + x(1,13) + x(1,14) + x(1,15) + x(1,16) + x(1,17) + x(1,18) + x(1,19) + x(1,20) + x(1,21) + x(1,22) + x(1,23) + x(1,24) + x(1,25) + x(1,26) + x(1,27) + x(1,28) + x(1,29) + x(1,30) + x(1,31) + x(1,32) + x(1,33) + x(1,34) + x(1,35) + x(1,36) + x(1,37) + x(1,38) + x(1,39) + x(1,40) =E= 1 ; (LHS = 0, INFES = 1 ****)
     
r2(2)..  x(2,1) + x(2,2) + x(2,3) + x(2,4) + x(2,5) + x(2,6) + x(2,7) + x(2,8) + x(2,9) + x(2,10) + x(2,11) + x(2,12) + x(2,13) + x(2,14) + x(2,15) + x(2,16) + x(2,17) + x(2,18) + x(2,19) + x(2,20) + x(2,21) + x(2,22) + x(2,23) + x(2,24) + x(2,25) + x(2,26) + x(2,27) + x(2,28) + x(2,29) + x(2,30) + x(2,31) + x(2,32) + x(2,33) + x(2,34) + x(2,35) + x(2,36) + x(2,37) + x(2,38) + x(2,39) + x(2,40) =E= 1 ; (LHS = 0, INFES = 1 ****)
     
r2(3)..  x(3,1) + x(3,2) + x(3,3) + x(3,4) + x(3,5) + x(3,6) + x(3,7) + x(3,8) + x(3,9) + x(3,10) + x(3,11) + x(3,12) + x(3,13) + x(3,14) + x(3,15) + x(3,16) + x(3,17) + x(3,18) + x(3,19) + x(3,20) + x(3,21) + x(3,22) + x(3,23) + x(3,24) + x(3,25) + x(3,26) + x(3,27) + x(3,28) + x(3,29) + x(3,30) + x(3,31) + x(3,32) + x(3,33) + x(3,34) + x(3,35) + x(3,36) + x(3,37) + x(3,38) + x(3,39) + x(3,40) =E= 1 ; (LHS = 0, INFES = 1 ****)
     
REMAINING 37 ENTRIES SKIPPED


---- r3  =L=  

r3(2,3)..  u(2) - u(3) + 40*x(2,3) =L= 39 ; (LHS = 0)
     
r3(2,4)..  u(2) - u(4) + 40*x(2,4) =L= 39 ; (LHS = 0)
     
r3(2,5)..  u(2) - u(5) + 40*x(2,5) =L= 39 ; (LHS = 0)
     
REMAINING 1479 ENTRIES SKIPPED

GAMS 46.5.0  a671108d May 8, 2024           WEX-WEI x86 64bit/MS Windows - 09/07/24 13:02:52 Page 4
G e n e r a l   A l g e b r a i c   M o d e l i n g   S y s t e m
Column Listing      SOLVE transpor_1 Using MIP From line 65


---- z  

z
                (.LO, .L, .UP, .M = -INF, 0, +INF, 0)
        1       Obj


---- u  

u(2)
                (.LO, .L, .UP, .M = 0, 0, +INF, 0)
        1       r3(2,3)
        1       r3(2,4)
        1       r3(2,5)
        1       r3(2,6)
        1       r3(2,7)
