GAMS 46.5.0  a671108d May 8, 2024           WEX-WEI x86 64bit/MS Windows - 09/07/24 13:00:29 Page 1
G e n e r a l   A l g e b r a i c   M o d e l i n g   S y s t e m
C o m p i l a t i o n


   1  *Cambia el número de i dependiendo de la cantidad de nodos que tengas en el problema
   2  Set
   3  i /1*40/;
   4  alias (i,j);
   5  *Cambia el nombre del csv que estes usando
   6  Table c(i,j)
INCLUDE    C:\Users\progra.DESKTOP-GV4Q93K\Documents\Vstudio\Geneticos\retointegrador\dist_matrix1.csv
   9  ,1,2,3,4,5,6,7,8,9,10,11,12,13,14,15,16,17,18,19,20,21,22,23,24,25,26,27,28,29,30,31,32,33,34,35,36,37,38,39,40
  10  1,999.0,13.04,10.21,14.46,11.53,13.45,13.02,15.5,18.21,23.04,14.13,1.28,17.23,16.92,18.86,9.2,10.93,11.12,5.45,3.34,12.28,10.93,7.98,18.24,13.74,14.01,11.53,8.13,13.06,1.34,10.72,17.72,17.91,17.73,14.35,13.34,16.16,12.93,12.62,16.5
  11  2,13.04,999.0,15.78,8.72,10.61,3.74,0.97,12.42,14.14,11.3,8.05,13.83,8.72,12.68,13.94,11.6,2.81,2.73,17.8,16.16,7.0,8.97,8.55,10.58,11.99,5.24,10.61,13.46,6.19,13.89,2.82,12.39,15.37,8.2,2.2,5.25,7.49,10.33,2.45,10.46
  12  3,10.21,15.78,999.0,10.76,6.45,13.56,15.12,9.03,11.28,27.07,10.94,9.28,14.11,10.63,12.32,4.24,12.97,13.05,8.93,9.69,10.14,7.56,7.27,24.88,7.32,12.98,6.45,2.57,11.4,9.27,13.0,11.91,10.05,23.3,15.65,12.35,13.7,7.9,16.95,23.75
  13  4,14.46,8.72,10.76,999.0,4.33,5.04,7.76,3.84,5.46,18.66,0.67,14.49,3.37,3.97,5.43,7.04,6.95,6.85,17.02,16.37,2.43,3.78,6.5,19.3,4.13,3.63,4.33,9.54,2.59,14.54,7.23,3.92,6.67,16.83,7.24,3.47,3.03,2.9,11.0,19.1
  14  5,11.53,10.61,6.45,4.33,999.0,7.64,9.77,3.97,6.68,21.6,4.49,11.26,7.7,5.43,7.37,2.86,8.03,8.03,13.15,12.83,3.96,1.66,4.02,20.8,2.27,6.77,0.0,5.31,5.18,11.29,8.18,6.39,6.57,18.71,9.9,6.22,7.25,1.62,12.38,20.13
  15  6,13.45,3.74,13.56,5.04,7.64,999.0,2.77,8.82,10.42,13.99,4.37,13.93,5.19,8.97,10.19,9.32,2.94,2.76,17.42,16.15,3.71,6.13,6.88,14.29,8.63,1.51,7.64,11.57,2.64,13.98,3.24,8.65,11.71,11.79,2.3,1.59,3.91,7.01,6.12,14.19
  16  7,13.02,0.97,15.12,7.76,9.77,2.77,999.0,11.47,13.17,11.97,7.09,13.73,7.79,11.72,12.97,10.91,2.3,2.17,17.6,16.04,6.08,8.14,7.96,11.55,11.09,4.27,9.77,12.87,5.24,13.79,2.41,11.42,14.41,9.13,1.53,4.29,6.55,9.43,3.38,11.42
  17  8,15.5,12.42,9.03,3.84,3.97,8.82,11.47,999.0,2.71,22.48,4.47,15.21,6.24,1.61,3.48,6.59,10.34,10.27,16.85,16.7,5.54,4.91,7.83,22.98,1.86,7.46,3.97,8.75,6.23,15.24,10.57,2.88,3.02,20.59,11.06,7.23,6.5,2.73,14.59,22.64
  18  9,18.21,14.14,11.28,5.46,6.68,10.42,13.17,2.71,999.0,23.43,6.13,17.92,6.54,1.52,1.15,9.25,12.39,12.3,19.44,19.38,7.66,7.52,10.49,24.71,4.52,8.94,6.68,11.32,8.05,17.95,12.65,2.01,2.03,22.16,12.5,8.9,7.27,5.37,16.45,24.55
  19  10,23.04,11.3,27.07,18.66,21.6,13.99,11.97,22.48,23.43,999.0,18.07,24.08,16.92,22.2,22.82,22.88,14.12,14.03,28.3,26.37,17.7,20.01,19.85,7.82,22.57,15.12,21.6,24.76,16.59,24.15,14.11,21.43,25.1,6.03,11.7,15.52,16.18,20.98,10.61,9.87
  20  11,14.13,8.05,10.94,0.67,4.49,4.37,7.09,4.47,6.13,18.07,999.0,14.22,3.35,4.64,6.08,7.08,6.3,6.19,16.88,16.15,1.92,3.7,6.22,18.63,4.6,2.99,4.49,9.58,1.92,14.26,6.57,4.56,7.33,16.17,6.6,2.8,2.75,3.22,10.32,18.42
  21  12,1.28,13.83,9.28,14.49,11.26,13.93,13.73,15.21,17.92,24.08,14.22,999.0,17.41,16.69,18.63,8.75,11.57,11.74,4.27,2.33,12.43,10.85,7.99,19.46,13.41,14.36,11.26,7.38,13.31,0.07,11.37,17.57,17.49,18.87,15.0,13.68,16.4,12.74,13.58,17.75
  22  13,17.23,8.72,14.11,3.37,7.7,5.19,7.79,6.24,6.54,16.92,3.35,17.41,999.0,5.48,5.9,10.4,7.98,7.82,20.21,19.41,4.98,7.05,9.47,18.9,7.19,3.82,7.7,12.9,4.2,17.46,8.29,4.53,8.35,16.17,6.69,4.27,1.28,6.22,11.16,19.08
  23  14,16.92,12.68,10.63,3.97,5.43,8.97,11.72,1.61,1.52,22.2,4.64,16.69,5.48,999.0,1.94,8.14,10.88,10.79,18.43,18.24,6.14,6.11,9.1,23.26,3.46,7.51,5.43,10.36,6.55,16.72,11.14,1.36,2.9,20.75,11.1,7.43,6.03,3.99,14.97,23.07
  24  15,18.86,13.94,12.32,5.43,7.37,10.19,12.97,3.48,1.15,22.82,6.08,18.63,5.9,1.94,999.0,10.06,12.38,12.27,20.32,20.17,7.78,8.01,11.02,24.44,5.34,8.69,7.37,12.22,7.99,18.66,12.65,1.54,3.13,21.83,12.18,8.74,6.78,5.92,16.3,24.38
  25  16,9.2,11.6,4.24,7.04,2.86,9.32,10.91,6.59,9.25,22.88,7.08,8.75,10.4,8.14,10.06,999.0,8.81,8.87,10.32,10.12,6.01,3.46,3.29,21.1,4.73,8.81,2.86,2.5,7.25,8.77,8.87,9.2,8.74,19.33,11.4,8.16,9.79,4.49,12.94,20.15
  26  17,10.93,2.81,12.97,6.95,8.03,2.94,2.3,10.34,12.39,14.12,6.3,11.57,7.98,10.88,12.38,8.81,999.0,0.19,15.35,13.86,4.8,6.37,5.73,12.81,9.64,4.16,8.03,10.65,4.39,11.63,0.31,10.85,13.35,10.7,3.43,3.8,6.7,7.98,4.37,12.31
  27  18,11.12,2.73,13.05,6.85,8.03,2.76,2.17,10.27,12.3,14.03,6.19,11.74,7.82,10.79,12.27,8.87,0.19,999.0,15.52,14.04,4.74,6.37,5.83,12.83,9.61,4.0,8.03,10.75,4.28,11.81,0.49,10.74,13.28,10.69,3.25,3.66,6.54,7.95,4.38,12.37
  28  19,5.45,17.8,8.93,17.02,13.15,17.42,17.6,16.85,19.44,28.3,16.88,4.27,20.21,18.43,20.32,10.32,15.35,15.52,999.0,2.26,15.3,13.24,10.83,23.69,14.98,17.61,13.15,8.13,16.35,4.2,15.2,19.52,18.59,23.13,18.76,16.9,19.35,14.76,17.75,21.94
  29  20,3.34,16.16,9.69,16.37,12.83,16.15,16.04,16.7,19.38,26.37,16.15,2.33,19.41,18.24,20.17,10.12,13.86,14.04,2.26,999.0,14.43,12.64,9.94,21.53,14.86,16.51,12.83,8.3,15.38,2.26,13.68,19.22,18.74,21.07,17.29,15.81,18.45,14.39,15.9,19.74
  30  21,12.28,7.0,10.14,2.43,3.96,3.71,6.08,5.54,7.66,17.7,1.92,12.43,4.98,6.14,7.78,6.01,4.8,4.74,15.3,14.43,999.0,2.58,4.5,17.5,5.0,2.85,3.96,8.44,1.26,12.48,5.04,6.31,8.55,15.19,6.0,2.26,4.05,3.35,9.07,17.11
  31  22,10.93,8.97,7.56,3.78,1.66,6.13,8.14,4.91,7.52,20.01,3.7,10.85,7.05,6.11,8.01,3.46,6.37,6.37,13.24,12.64,2.58,999.0,3.0,19.14,3.57,5.42,1.66,5.93,3.84,10.88,6.52,6.8,7.79,17.05,8.35,4.81,6.36,2.17,10.72,18.5
  32  23,7.98,8.55,7.27,6.5,4.02,6.88,7.96,7.83,10.49,19.85,6.22,7.99,9.47,9.1,11.02,3.29,5.73,5.83,10.83,9.94,4.5,3.0,999.0,17.81,6.28,6.83,4.02,4.92,5.51,8.04,5.74,9.8,10.58,16.08,8.69,6.12,8.53,5.13,9.7,16.87
  33  24,18.24,10.58,24.88,19.3,20.8,14.29,11.55,22.98,24.71,7.82,18.63,19.46,18.9,23.26,24.44,21.1,12.81,12.83,23.69,21.53,17.5,19.14,17.81,999.0,22.43,15.77,20.8,22.34,16.77,19.52,12.63,22.9,25.95,2.94,12.27,15.83,17.78,20.77,8.45,2.22
  34  25,13.74,11.99,7.32,4.13,2.27,8.63,11.09,1.86,4.52,22.57,4.6,13.41,7.19,3.46,5.34,4.73,9.64,9.61,14.98,14.86,5.0,3.57,6.28,22.43,999.0,7.45,2.27,6.9,6.0,13.44,9.83,4.64,4.3,20.19,10.93,7.06,7.13,1.66,13.99,21.92
  35  26,14.01,5.24,12.98,3.63,6.77,1.51,4.27,7.46,8.94,15.12,2.99,14.36,3.82,7.51,8.69,8.81,4.16,4.0,17.61,16.51,2.85,5.42,6.83,15.77,7.45,999.0,6.77,11.19,1.6,14.41,4.47,7.15,10.29,13.24,3.61,0.71,2.54,5.9,7.63,15.7
  36  27,11.53,10.61,6.45,4.33,0.0,7.64,9.77,3.97,6.68,21.6,4.49,11.26,7.7,5.43,7.37,2.86,8.03,8.03,13.15,12.83,3.96,1.66,4.02,20.8,2.27,6.77,999.0,5.31,5.18,11.29,8.18,6.39,6.57,18.71,9.9,6.22,7.25,1.62,12.38,20.13
  37  28,8.13,13.46,2.57,9.54,5.31,11.57,12.87,8.75,11.32,24.76,9.58,7.38,12.9,10.36,12.22,2.5,10.65,10.75,8.13,8.3,8.44,5.93,4.92,22.34,6.9,11.19,5.31,999.0,9.66,7.38,10.65,11.5,10.49,20.81,13.53,10.52,12.29,6.92,14.5,21.18
  38  29,13.06,6.19,11.4,2.59,5.18,2.64,5.24,6.23,8.05,16.59,1.92,13.31,4.2,6.55,7.99,7.25,4.39,4.28,16.35,15.38,1.26,3.84,5.51,16.77,6.0,1.6,5.18,9.66,999.0,13.36,4.67,6.46,9.18,14.36,4.93,1.07,3.1,4.39,8.42,16.52
  39  30,1.34,13.89,9.27,14.54,11.29,13.98,13.79,15.24,17.95,24.15,14.26,0.07,17.46,16.72,18.66,8.77,11.63,11.81,4.2,2.26,12.48,10.88,8.04,19.52,13.44,14.41,11.29,7.38,13.36,999.0,11.43,17.61,17.51,18.93,15.06,13.73,16.44,12.78,13.65,17.81
  40  31,10.72,2.82,13.0,7.23,8.18,3.24,2.41,10.57,12.65,14.11,6.57,11.37,8.29,11.14,12.65,8.87,0.31,0.49,15.2,13.68,5.04,6.52,5.74,12.63,9.83,4.47,8.18,10.65,4.67,11.43,999.0,11.13,13.59,10.57,3.63,4.1,7.01,8.19,4.21,12.1
  41  32,17.72,12.39,11.91,3.92,6.39,8.65,11.42,2.88,2.01,21.43,4.56,17.57,4.53,1.36,1.54,9.2,10.85,10.74,19.52,19.22,6.31,6.8,9.8,22.9,4.64,7.15,6.39,11.5,6.46,17.61,11.13,999.0,3.92,20.31,10.65,7.2,5.3,4.83,14.75,22.84
  42  33,17.91,15.37,10.05,6.67,6.57,11.71,14.41,3.02,2.03,25.1,7.33,17.49,8.35,2.9,3.13,8.74,13.35,13.28,18.59,18.74,8.55,7.79,10.58,25.95,4.3,10.29,6.57,10.49,9.18,17.51,13.59,3.92,999.0,23.5,13.9,10.13,8.93,5.65,17.57,25.64
  43  34,17.73,8.2,23.3,16.83,18.71,11.79,9.13,20.59,22.16,6.03,16.17,18.87,16.17,20.75,21.83,19.33,10.7,10.69,23.13,21.07,15.19,17.05,16.08,2.94,20.19,13.24,18.71,20.81,14.36,18.93,10.57,20.31,23.5,999.0,9.66,13.37,15.1,18.52,6.39,4.28
  44  35,14.35,2.2,15.65,7.24,9.9,2.3,1.53,11.06,12.5,11.7,6.6,15.0,6.69,11.1,12.18,11.4,3.43,3.25,18.76,17.29,6.0,8.35,8.69,12.27,10.93,3.61,9.9,13.53,4.93,15.06,3.63,10.65,13.9,9.66,999.0,3.87,5.52,9.31,4.59,12.39
  45  36,13.34,5.25,12.35,3.47,6.22,1.59,4.29,7.23,8.9,15.52,2.8,13.68,4.27,7.43,8.74,8.16,3.8,3.66,16.9,15.81,2.26,4.81,6.12,15.83,7.06,0.71,6.22,10.52,1.07,13.73,4.1,7.2,10.13,13.37,3.87,999.0,3.02,5.46,7.56,15.66
  46  37,16.16,7.49,13.7,3.03,7.25,3.91,6.55,6.5,7.27,16.18,2.75,16.4,1.28,6.03,6.78,9.79,6.7,6.54,19.35,18.45,4.05,6.36,8.53,17.78,7.13,2.54,7.25,12.29,3.1,16.44,7.01,5.3,8.93,15.1,5.52,3.02,999.0,5.91,9.93,17.89
  47  38,12.93,10.33,7.9,2.9,1.62,7.01,9.43,2.73,5.37,20.98,3.22,12.74,6.22,3.99,5.92,4.49,7.98,7.95,14.76,14.39,3.35,2.17,5.13,20.77,1.66,5.9,1.62,6.92,4.39,12.78,8.19,4.83,5.65,18.52,9.31,5.46,5.91,999.0,12.33,20.28
  48  39,12.62,2.45,16.95,11.0,12.38,6.12,3.38,14.59,16.45,10.61,10.32,13.58,11.16,14.97,16.3,12.94,4.37,4.38,17.75,15.9,9.07,10.72,9.7,8.45,13.99,7.63,12.38,14.5,8.42,13.65,4.21,14.75,17.57,6.39,4.59,7.56,9.93,12.33,999.0,8.1
  49  40,16.5,10.46,23.75,19.1,20.13,14.19,11.42,22.64,24.55,9.87,18.42,17.75,19.08,23.07,24.38,20.15,12.31,12.37,21.94,19.74,17.11,18.5,16.87,2.22,21.92,15.7,20.13,21.18,16.52,17.81,12.1,22.84,25.64,4.28,12.39,15.66,17.89,20.28,8.1,999.0
  51   
  52  variable z;
  53  positive Variable u(i);
  54  binary variable x(i,j);
  55   
  56  Equations
  57  Obj, r1, r2, r3;
  58   
  59  Obj.. z=E=sum((i,j),c(i,j)*x(i,j));
  60  r1(j).. sum(i,x(i,j))=E=1;
  61  r2(i).. sum(j,x(i,j))=E=1;
  62  r3(i,j)$(ord(i)>1 and ord(j)>1 and ord(i)<>ord(j)).. u(i)-u(j)+card(i)*x(i,j)=l=card(i)-1
  63   
  64  model transpor_1 /all/;
  65  solve transpor_1 using MIP minimizing z;
  66   
  67   
  68   
GAMS 46.5.0  a671108d May 8, 2024           WEX-WEI x86 64bit/MS Windows - 09/07/24 13:00:29 Page 2
G e n e r a l   A l g e b r a i c   M o d e l i n g   S y s t e m
Include File Summary


   SEQ   GLOBAL TYPE      PARENT   LOCAL  FILENAME

     1        1 INPUT          0       0  C:\Users\progra.DESKTOP-GV4Q93K\Documents\Vstudio\Geneticos\retointegrador\reto2.gms
     2        8 INCLUDE        1       8  .C:\Users\progra.DESKTOP-GV4Q93K\Documents\Vstudio\Geneticos\retointegrador\dist_matrix1.csv


COMPILATION TIME     =        0.000 SECONDS      3 MB  46.5.0 a671108d WEX-WEI
GAMS 46.5.0  a671108d May 8, 2024           WEX-WEI x86 64bit/MS Windows - 09/07/24 13:00:29 Page 3
G e n e r a l   A l g e b r a i c   M o d e l i n g   S y s t e m
Equation Listing    SOLVE transpor_1 Using MIP From line 65


---- Obj  =E=  

Obj..  z - 999*x(1,1) - 13.04*x(1,2) - 10.21*x(1,3) - 14.46*x(1,4) - 11.53*x(1,5) - 13.45*x(1,6) - 13.02*x(1,7) - 15.5*x(1,8) - 18.21*x(1,9) - 23.04*x(1,10) - 14.13*x(1,11) - 1.28*x(1,12) - 17.23*x(1,13) - 16.92*x(1,14) - 18.86*x(1,15) - 9.2*x(1,16) - 10.93*x(1,17) - 11.12*x(1,18) - 5.45*x(1,19) - 3.34*x(1,20) - 12.28*x(1,21) - 10.93*x(1,22) - 7.98*x(1,23) - 18.24*x(1,24) - 13.74*x(1,25) - 14.01*x(1,26) - 11.53*x(1,27) - 8.13*x(1,28) - 13.06*x(1,29) - 1.34*x(1,30) - 10.72*x(1,31) - 17.72*x(1,32) - 17.91*x(1,33) - 17.73*x(1,34) - 14.35*x(1,35) - 13.34*x(1,36) - 16.16*x(1,37) - 12.93*x(1,38) - 12.62*x(1,39) - 16.5*x(1,40) - 13.04*x(2,1) - 999*x(2,2) - 15.78*x(2,3) - 8.72*x(2,4) - 10.61*x(2,5) - 3.74*x(2,6) - 0.97*x(2,7) - 12.42*x(2,8) - 14.14*x(2,9) - 11.3*x(2,10) - 8.05*x(2,11) - 13.83*x(2,12) - 8.72*x(2,13) - 12.68*x(2,14) - 13.94*x(2,15) - 11.6*x(2,16) - 2.81*x(2,17) - 2.73*x(2,18) - 17.8*x(2,19) - 16.16*x(2,20) - 7*x(2,21) - 8.97*x(2,22) - 8.55*x(2,23) - 10.58*x(2,24) - 11.99*x(2,25) - 5.24*x(2,26) - 10.61*x(2,27) - 13.46*x(2,28) - 6.19*x(2,29) - 13.89*x(2,30) - 2.82*x(2,31) - 12.39*x(2,32) - 15.37*x(2,33) - 8.2*x(2,34) - 2.2*x(2,35) - 5.25*x(2,36) - 7.49*x(2,37) - 10.33*x(2,38) - 2.45*x(2,39) - 10.46*x(2,40) - 10.21*x(3,1) - 15.78*x(3,2) - 999*x(3,3) - 10.76*x(3,4) - 6.45*x(3,5) - 13.56*x(3,6) - 15.12*x(3,7) - 9.03*x(3,8) - 11.28*x(3,9) - 27.07*x(3,10) - 10.94*x(3,11) - 9.28*x(3,12) - 14.11*x(3,13) - 10.63*x(3,14) - 12.32*x(3,15) - 4.24*x(3,16) - 12.97*x(3,17) - 13.05*x(3,18) - 8.93*x(3,19) - 9.69*x(3,20) - 10.14*x(3,21) - 7.56*x(3,22) - 7.27*x(3,23) - 24.88*x(3,24) - 7.32*x(3,25) - 12.98*x(3,26) - 6.45*x(3,27) - 2.57*x(3,28) - 11.4*x(3,29) - 9.27*x(3,30) - 13*x(3,31) - 11.91*x(3,32) - 10.05*x(3,33) - 23.3*x(3,34) - 15.65*x(3,35) - 12.35*x(3,36) - 13.7*x(3,37) - 7.9*x(3,38) - 16.95*x(3,39) - 23.75*x(3,40) - 14.46*x(4,1) - 8.72*x(4,2) - 10.76*x(4,3) - 999*x(4,4) - 4.33*x(4,5) - 5.04*x(4,6) - 7.76*x(4,7) - 3.84*x(4,8) - 5.46*x(4,9) - 18.66*x(4,10) - 0.67*x(4,11) - 14.49*x(4,12) - 3.37*x(4,13) - 3.97*x(4,14) - 5.43*x(4,15) - 7.04*x(4,16) - 6.95*x(4,17) - 6.85*x(4,18) - 17.02*x(4,19) - 16.37*x(4,20) - 2.43*x(4,21) - 3.78*x(4,22) - 6.5*x(4,23) - 19.3*x(4,24) - 4.13*x(4,25) - 3.63*x(4,26) - 4.33*x(4,27) - 9.54*x(4,28) - 2.59*x(4,29) - 14.54*x(4,30) - 7.23*x(4,31) - 3.92*x(4,32) - 6.67*x(4,33) - 16.83*x(4,34) - 7.24*x(4,35) - 3.47*x(4,36) - 3.03*x(4,37) - 2.9*x(4,38) - 11*x(4,39) - 19.1*x(4,40) - 11.53*x(5,1) - 10.61*x(5,2) - 6.45*x(5,3) - 4.33*x(5,4) - 999*x(5,5) - 7.64*x(5,6) - 9.77*x(5,7) - 3.97*x(5,8) - 6.68*x(5,9) - 21.6*x(5,10) - 4.49*x(5,11) - 11.26*x(5,12) - 7.7*x(5,13) - 5.43*x(5,14) - 7.37*x(5,15) - 2.86*x(5,16) - 8.03*x(5,17) - 8.03*x(5,18) - 13.15*x(5,19) - 12.83*x(5,20) - 3.96*x(5,21) - 1.66*x(5,22) - 4.02*x(5,23) - 20.8*x(5,24) - 2.27*x(5,25) - 6.77*x(5,26) - 5.31*x(5,28) - 5.18*x(5,29) - 11.29*x(5,30) - 8.18*x(5,31) - 6.39*x(5,32) - 6.57*x(5,33) - 18.71*x(5,34) - 9.9*x(5,35) - 6.22*x(5,36) - 7.25*x(5,37) - 1.62*x(5,38) - 12.38*x(5,39) - 20.13*x(5,40) - 13.45*x(6,1) - 3.74*x(6,2) - 13.56*x(6,3) - 5.04*x(6,4) - 7.64*x(6,5) - 999*x(6,6) - 2.77*x(6,7) - 8.82*x(6,8) - 10.42*x(6,9) - 13.99*x(6,10) - 4.37*x(6,11) - 13.93*x(6,12) - 5.19*x(6,13) - 8.97*x(6,14) - 10.19*x(6,15) - 9.32*x(6,16) - 2.94*x(6,17) - 2.76*x(6,18) - 17.42*x(6,19) - 16.15*x(6,20) - 3.71*x(6,21) - 6.13*x(6,22) - 6.88*x(6,23) - 14.29*x(6,24) - 8.63*x(6,25) - 1.51*x(6,26) - 7.64*x(6,27) - 11.57*x(6,28) - 2.64*x(6,29) - 13.98*x(6,30) - 3.24*x(6,31) - 8.65*x(6,32) - 11.71*x(6,33) - 11.79*x(6,34) - 2.3*x(6,35) - 1.59*x(6,36) - 3.91*x(6,37) - 7.01*x(6,38) - 6.12*x(6,39) - 14.19*x(6,40) - 13.02*x(7,1) - 0.97*x(7,2) - 15.12*x(7,3) - 7.76*x(7,4) - 9.77*x(7,5) - 2.77*x(7,6) - 999*x(7,7) - 11.47*x(7,8) - 13.17*x(7,9) - 11.97*x(7,10) - 7.09*x(7,11) - 13.73*x(7,12) - 7.79*x(7,13) - 11.72*x(7,14) - 12.97*x(7,15) - 10.91*x(7,16) - 2.3*x(7,17) - 2.17*x(7,18) - 17.6*x(7,19) - 16.04*x(7,20) - 6.08*x(7,21) - 8.14*x(7,22) - 7.96*x(7,23) - 11.55*x(7,24) - 11.09*x(7,25) - 4.27*x(7,26) - 9.77*x(7,27) - 12.87*x(7,28) - 5.24*x(7,29) - 13.79*x(7,30) - 2.41*x(7,31) - 11.42*x(7,32) - 14.41*x(7,33) - 9.13*x(7,34) - 1.53*x(7,35) - 4.29*x(7,36) - 6.55*x(7,37) - 9.43*x(7,38) - 3.38*x(7,39) - 11.42*x(7,40) - 15.5*x(8,1) - 12.42*x(8,2) - 9.03*x(8,3) - 3.84*x(8,4) - 3.97*x(8,5) - 8.82*x(8,6) - 11.47*x(8,7) - 999*x(8,8) - 2.71*x(8,9) - 22.48*x(8,10) - 4.47*x(8,11) - 15.21*x(8,12) - 6.24*x(8,13) - 1.61*x(8,14) - 3.48*x(8,15) - 6.59*x(8,16) - 10.34*x(8,17) - 10.27*x(8,18) - 16.85*x(8,19) - 16.7*x(8,20) - 5.54*x(8,21) - 4.91*x(8,22) - 7.83*x(8,23) - 22.98*x(8,24) - 1.86*x(8,25) - 7.46*x(8,26) - 3.97*x(8,27) - 8.75*x(8,28) - 6.23*x(8,29) - 15.24*x(8,30) - 10.57*x(8,31) - 2.88*x(8,32) - 3.02*x(8,33) - 20.59*x(8,34) - 11.06*x(8,35) - 7.23*x(8,36) - 6.5*x(8,37) - 2.73*x(8,38) - 14.59*x(8,39) - 22.64*x(8,40) - 18.21*x(9,1) - 14.14*x(9,2) - 11.28*x(9,3) - 5.46*x(9,4) - 6.68*x(9,5) - 10.42*x(9,6) - 13.17*x(9,7) - 2.71*x(9,8) - 999*x(9,9) - 23.43*x(9,10) - 6.13*x(9,11) - 17.92*x(9,12) - 6.54*x(9,13) - 1.52*x(9,14) - 1.15*x(9,15) - 9.25*x(9,16) - 12.39*x(9,17) - 12.3*x(9,18) - 19.44*x(9,19) - 19.38*x(9,20) - 7.66*x(9,21) - 7.52*x(9,22) - 10.49*x(9,23) - 24.71*x(9,24) - 4.52*x(9,25) - 8.94*x(9,26) - 6.68*x(9,27) - 11.32*x(9,28) - 8.05*x(9,29) - 17.95*x(9,30) - 12.65*x(9,31) - 2.01*x(9,32) - 2.03*x(9,33) - 22.16*x(9,34) - 12.5*x(9,35) - 8.9*x(9,36) - 7.27*x(9,37) - 5.37*x(9,38) - 16.45*x(9,39) - 24.55*x(9,40) - 23.04*x(10,1) - 11.3*x(10,2) - 27.07*x(10,3) - 18.66*x(10,4) - 21.6*x(10,5) - 13.99*x(10,6) - 11.97*x(10,7) - 22.48*x(10,8) - 23.43*x(10,9) - 999*x(10,10) - 18.07*x(10,11) - 24.08*x(10,12) - 16.92*x(10,13) - 22.2*x(10,14) - 22.82*x(10,15) - 22.88*x(10,16) - 14.12*x(10,17) - 14.03*x(10,18) - 28.3*x(10,19) - 26.37*x(10,20) - 17.7*x(10,21) - 20.01*x(10,22) - 19.85*x(10,23) - 7.82*x(10,24) - 22.57*x(10,25) - 15.12*x(10,26) - 21.6*x(10,27) - 24.76*x(10,28) - 16.59*x(10,29) - 24.15*x(10,30) - 14.11*x(10,31) - 21.43*x(10,32) - 25.1*x(10,33) - 6.03*x(10,34) - 11.7*x(10,35) - 15.52*x(10,36) - 16.18*x(10,37) - 20.98*x(10,38) - 10.61*x(10,39) - 9.87*x(10,40) - 14.13*x(11,1) - 8.05*x(11,2) - 10.94*x(11,3) - 0.67*x(11,4) - 4.49*x(11,5) - 4.37*x(11,6) - 7.09*x(11,7) - 4.47*x(11,8) - 6.13*x(11,9) - 18.07*x(11,10) - 999*x(11,11) - 14.22*x(11,12) - 3.35*x(11,13) - 4.64*x(11,14) - 6.08*x(11,15) - 7.08*x(11,16) - 6.3*x(11,17) - 6.19*x(11,18) - 16.88*x(11,19) - 16.15*x(11,20) - 1.92*x(11,21) - 3.7*x(11,22) - 6.22*x(11,23) - 18.63*x(11,24) - 4.6*x(11,25) - 2.99*x(11,26) - 4.49*x(11,27) - 9.58*x(11,28) - 1.92*x(11,29) - 14.26*x(11,30) - 6.57*x(11,31) - 4.56*x(11,32) - 7.33*x(11,33) - 16.17*x(11,34) - 6.6*x(11,35) - 2.8*x(11,36) - 2.75*x(11,37) - 3.22*x(11,38) - 10.32*x(11,39) - 18.42*x(11,40) - 1.28*x(12,1) - 13.83*x(12,2) - 9.28*x(12,3) - 14.49*x(12,4) - 11.26*x(12,5) - 13.93*x(12,6) - 13.73*x(12,7) - 15.21*x(12,8) - 17.92*x(12,9) - 24.08*x(12,10) - 14.22*x(12,11) - 999*x(12,12) - 17.41*x(12,13) - 16.69*x(12,14) - 18.63*x(12,15) - 8.75*x(12,16) - 11.57*x(12,17) - 11.74*x(12,18) - 4.27*x(12,19) - 2.33*x(12,20) - 12.43*x(12,21) - 10.85*x(12,22) - 7.99*x(12,23) - 19.46*x(12,24) - 13.41*x(12,25) - 14.36*x(12,26) - 11.26*x(12,27) - 7.38*x(12,28) - 13.31*x(12,29) - 0.07*x(12,30) - 11.37*x(12,31) - 17.57*x(12,32) - 17.49*x(12,33) - 18.87*x(12,34) - 15*x(12,35) - 13.68*x(12,36) - 16.4*x(12,37) - 12.74*x(12,38) - 13.58*x(12,39) - 17.75*x(12,40) - 17.23*x(13,1) - 8.72*x(13,2) - 14.11*x(13,3) - 3.37*x(13,4) - 7.7*x(13,5) - 5.19*x(13,6) - 7.79*x(13,7) - 6.24*x(13,8) - 6.54*x(13,9) - 16.92*x(13,10) - 3.35*x(13,11) - 17.41*x(13,12) - 999*x(13,13) - 5.48*x(13,14) - 5.9*x(13,15) - 10.4*x(13,16) - 7.98*x(13,17) - 7.82*x(13,18) - 20.21*x(13,19) - 19.41*x(13,20) - 4.98*x(13,21) - 7.05*x(13,22) - 9.47*x(13,23) - 18.9*x(13,24) - 7.19*x(13,25) - 3.82*x(13,26) - 7.7*x(13,27) - 12.9*x(13,28) - 4.2*x(13,29) - 17.46*x(13,30) - 8.29*x(13,31) - 4.53*x(13,32) - 8.35*x(13,33) - 16.17*x(13,34) - 6.69*x(13,35) - 4.27*x(13,36) - 1.28*x(13,37) - 6.22*x(13,38) - 11.16*x(13,39) - 19.08*x(13,40) - 16.92*x(14,1) - 12.68*x(14,2) - 10.63*x(14,3) - 3.97*x(14,4) - 5.43*x(14,5) - 8.97*x(14,6) - 11.72*x(14,7) - 1.61*x(14,8) - 1.52*x(14,9) - 22.2*x(14,10) - 4.64*x(14,11) - 16.69*x(14,12) - 5.48*x(14,13) - 999*x(14,14) - 1.94*x(14,15) - 8.14*x(14,16) - 10.88*x(14,17) - 10.79*x(14,18) - 18.43*x(14,19) - 18.24*x(14,20) - 6.14*x(14,21) - 6.11*x(14,22) - 9.1*x(14,23) - 23.26*x(14,24) - 3.46*x(14,25) - 7.51*x(14,26) - 5.43*x(14,27) - 10.36*x(14,28) - 6.55*x(14,29) - 16.72*x(14,30) - 11.14*x(14,31) - 1.36*x(14,32) - 2.9*x(14,33) - 20.75*x(14,34) - 11.1*x(14,35) - 7.43*x(14,36) - 6.03*x(14,37) - 3.99*x(14,38) - 14.97*x(14,39) - 23.07*x(14,40) - 18.86*x(15,1) - 13.94*x(15,2) - 12.32*x(15,3) - 5.43*x(15,4) - 7.37*x(15,5) - 10.19*x(15,6) - 12.97*x(15,7) - 3.48*x(15,8) - 1.15*x(15,9) - 22.82*x(15,10) - 6.08*x(15,11) - 18.63*x(15,12) - 5.9*x(15,13) - 1.94*x(15,14) - 999*x(15,15) - 10.06*x(15,16) - 12.38*x(15,17) - 12.27*x(15,18) - 20.32*x(15,19) - 20.17*x(15,20) - 7.78*x(15,21) - 8.01*x(15,22) - 11.02*x(15,23) - 24.44*x(15,24) - 5.34*x(15,25) - 8.69*x(15,26) - 7.37*x(15,27) - 12.22*x(15,28) - 7.99*x(15,29) - 18.66*x(15,30) - 12.65*x(15,31) - 1.54*x(15,32) - 3.13*x(15,33) - 21.83*x(15,34) - 12.18*x(15,35) - 8.74*x(15,36) - 6.78*x(15,37) - 5.92*x(15,38) - 16.3*x(15,39) - 24.38*x(15,40) - 9.2*x(16,1) - 11.6*x(16,2) - 4.24*x(16,3) - 7.04*x(16,4) - 2.86*x(16,5) - 9.32*x(16,6) - 10.91*x(16,7) - 6.59*x(16,8) - 9.25*x(16,9) - 22.88*x(16,10) - 7.08*x(16,11) - 8.75*x(16,12) - 10.4*x(16,13) - 8.14*x(16,14) - 10.06*x(16,15) - 999*x(16,16) - 8.81*x(16,17) - 8.87*x(16,18) - 10.32*x(16,19) - 10.12*x(16,20) - 6.01*x(16,21) - 3.46*x(16,22) - 3.29*x(16,23) - 21.1*x(16,24) - 4.73*x(16,25) - 8.81*x(16,26) - 2.86*x(16,27) - 2.5*x(16,28) - 7.25*x(16,29) - 8.77*x(16,30) - 8.87*x(16,31) - 9.2*x(16,32) - 8.74*x(16,33) - 19.33*x(16,34) - 11.4*x(16,35) - 8.16*x(16,36) - 9.79*x(16,37) - 4.49*x(16,38) - 12.94*x(16,39) - 20.15*x(16,40) - 10.93*x(17,1) - 2.81*x(17,2) - 12.97*x(17,3) - 6.95*x(17,4) - 8.03*x(17,5) - 2.94*x(17,6) - 2.3*x(17,7) - 10.34*x(17,8) - 12.39*x(17,9) - 14.12*x(17,10) - 6.3*x(17,11) - 11.57*x(17,12) - 7.98*x(17,13) - 10.88*x(17,14) - 12.38*x(17,15) - 8.81*x(17,16) - 999*x(17,17) - 0.19*x(17,18) - 15.35*x(17,19) - 13.86*x(17,20) - 4.8*x(17,21) - 6.37*x(17,22) - 5.73*x(17,23) - 12.81*x(17,24) - 9.64*x(17,25) - 4.16*x(17,26) - 8.03*x(17,27) - 10.65*x(17,28) - 4.39*x(17,29) - 11.63*x(17,30) - 0.31*x(17,31) - 10.85*x(17,32) - 13.35*x(17,33) - 10.7*x(17,34) - 3.43*x(17,35) - 3.8*x(17,36) - 6.7*x(17,37) - 7.98*x(17,38) - 4.37*x(17,39) - 12.31*x(17,40) - 11.12*x(18,1) - 2.73*x(18,2) - 13.05*x(18,3) - 6.85*x(18,4) - 8.03*x(18,5) - 2.76*x(18,6) - 2.17*x(18,7) - 10.27*x(18,8) - 12.3*x(18,9) - 14.03*x(18,10) - 6.19*x(18,11) - 11.74*x(18,12) - 7.82*x(18,13) - 10.79*x(18,14) - 12.27*x(18,15) - 8.87*x(18,16) - 0.19*x(18,17) - 999*x(18,18) - 15.52*x(18,19) - 14.04*x(18,20) - 4.74*x(18,21) - 6.37*x(18,22) - 5.83*x(18,23) - 12.83*x(18,24) - 9.61*x(18,25) - 4*x(18,26) - 8.03*x(18,27) - 10.75*x(18,28) - 4.28*x(18,29) - 11.81*x(18,30) - 0.49*x(18,31) - 10.74*x(18,32) - 13.28*x(18,33) - 10.69*x(18,34) - 3.25*x(18,35) - 3.66*x(18,36) - 6.54*x(18,37) - 7.95*x(18,38) - 4.38*x(18,39) - 12.37*x(18,40) - 5.45*x(19,1) - 17.8*x(19,2) - 8.93*x(19,3) - 17.02*x(19,4) - 13.15*x(19,5) - 17.42*x(19,6) - 17.6*x(19,7) - 16.85*x(19,8) - 19.44*x(19,9) - 28.3*x(19,10) - 16.88*x(19,11) - 4.27*x(19,12) - 20.21*x(19,13) - 18.43*x(19,14) - 20.32*x(19,15) - 10.32*x(19,16) - 15.35*x(19,17) - 15.52*x(19,18) - 999*x(19,19) - 2.26*x(19,20) - 15.3*x(19,21) - 13.24*x(19,22) - 10.83*x(19,23) - 23.69*x(19,24) - 14.98*x(19,25) - 17.61*x(19,26) - 13.15*x(19,27) - 8.13*x(19,28) - 16.35*x(19,29) - 4.2*x(19,30) - 15.2*x(19,31) - 19.52*x(19,32) - 18.59*x(19,33) - 23.13*x(19,34) - 18.76*x(19,35) - 16.9*x(19,36) - 19.35*x(19,37) - 14.76*x(19,38) - 17.75*x(19,39) - 21.94*x(19,40) - 3.34*x(20,1) - 16.16*x(20,2) - 9.69*x(20,3) - 16.37*x(20,4) - 12.83*x(20,5) - 16.15*x(20,6) - 16.04*x(20,7) - 16.7*x(20,8) - 19.38*x(20,9) - 26.37*x(20,10) - 16.15*x(20,11) - 2.33*x(20,12) - 19.41*x(20,13) - 18.24*x(20,14) - 20.17*x(20,15) - 10.12*x(20,16) - 13.86*x(20,17) - 14.04*x(20,18) - 2.26*x(20,19) - 999*x(20,20) - 14.43*x(20,21) - 12.64*x(20,22) - 9.94*x(20,23) - 21.53*x(20,24) - 14.86*x(20,25) - 16.51*x(20,26) - 12.83*x(20,27) - 8.3*x(20,28) - 15.38*x(20,29) - 2.26*x(20,30) - 13.68*x(20,31) - 19.22*x(20,32) - 18.74*x(20,33) - 21.07*x(20,34) - 17.29*x(20,35) - 15.81*x(20,36) - 18.45*x(20,37) - 14.39*x(20,38) - 15.9*x(20,39) - 19.74*x(20,40) - 12.28*x(21,1) - 7*x(21,2) - 10.14*x(21,3) - 2.43*x(21,4) - 3.96*x(21,5) - 3.71*x(21,6) - 6.08*x(21,7) - 5.54*x(21,8) - 7.66*x(21,9) - 17.7*x(21,10) - 1.92*x(21,11) - 12.43*x(21,12) - 4.98*x(21,13) - 6.14*x(21,14) - 7.78*x(21,15) - 6.01*x(21,16) - 4.8*x(21,17) - 4.74*x(21,18) - 15.3*x(21,19) - 14.43*x(21,20) - 999*x(21,21) - 2.58*x(21,22) - 4.5*x(21,23) - 17.5*x(21,24) - 5*x(21,25) - 2.85*x(21,26) - 3.96*x(21,27) - 8.44*x(21,28) - 1.26*x(21,29) - 12.48*x(21,30) - 5.04*x(21,31) - 6.31*x(21,32) - 8.55*x(21,33) - 15.19*x(21,34) - 6*x(21,35) - 2.26*x(21,36) - 4.05*x(21,37) - 3.35*x(21,38) - 9.07*x(21,39) - 17.11*x(21,40) - 10.93*x(22,1) - 8.97*x(22,2) - 7.56*x(22,3) - 3.78*x(22,4) - 1.66*x(22,5) - 6.13*x(22,6) - 8.14*x(22,7) - 4.91*x(22,8) - 7.52*x(22,9) - 20.01*x(22,10) - 3.7*x(22,11) - 10.85*x(22,12) - 7.05*x(22,13) - 6.11*x(22,14) - 8.01*x(22,15) - 3.46*x(22,16) - 6.37*x(22,17) - 6.37*x(22,18) - 13.24*x(22,19) - 12.64*x(22,20) - 2.58*x(22,21) - 999*x(22,22) - 3*x(22,23) - 19.14*x(22,24) - 3.57*x(22,25) - 5.42*x(22,26) - 1.66*x(22,27) - 5.93*x(22,28) - 3.84*x(22,29) - 10.88*x(22,30) - 6.52*x(22,31) - 6.8*x(22,32) - 7.79*x(22,33) - 17.05*x(22,34) - 8.35*x(22,35) - 4.81*x(22,36) - 6.36*x(22,37) - 2.17*x(22,38) - 10.72*x(22,39) - 18.5*x(22,40) - 7.98*x(23,1) - 8.55*x(23,2) - 7.27*x(23,3) - 6.5*x(23,4) - 4.02*x(23,5) - 6.88*x(23,6) - 7.96*x(23,7) - 7.83*x(23,8) - 10.49*x(23,9) - 19.85*x(23,10) - 6.22*x(23,11) - 7.99*x(23,12) - 9.47*x(23,13) - 9.1*x(23,14) - 11.02*x(23,15) - 3.29*x(23,16) - 5.73*x(23,17) - 5.83*x(23,18) - 10.83*x(23,19) - 9.94*x(23,20) - 4.5*x(23,21) - 3*x(23,22) - 999*x(23,23) - 17.81*x(23,24) - 6.28*x(23,25) - 6.83*x(23,26) - 4.02*x(23,27) - 4.92*x(23,28) - 5.51*x(23,29) - 8.04*x(23,30) - 5.74*x(23,31) - 9.8*x(23,32) - 10.58*x(23,33) - 16.08*x(23,34) - 8.69*x(23,35) - 6.12*x(23,36) - 8.53*x(23,37) - 5.13*x(23,38) - 9.7*x(23,39) - 16.87*x(23,40) - 18.24*x(24,1) - 10.58*x(24,2) - 24.88*x(24,3) - 19.3*x(24,4) - 20.8*x(24,5) - 14.29*x(24,6) - 11.55*x(24,7) - 22.98*x(24,8) - 24.71*x(24,9) - 7.82*x(24,10) - 18.63*x(24,11) - 19.46*x(24,12) - 18.9*x(24,13) - 23.26*x(24,14) - 24.44*x(24,15) - 21.1*x(24,16) - 12.81*x(24,17) - 12.83*x(24,18) - 23.69*x(24,19) - 21.53*x(24,20) - 17.5*x(24,21) - 19.14*x(24,22) - 17.81*x(24,23) - 999*x(24,24) - 22.43*x(24,25) - 15.77*x(24,26) - 20.8*x(24,27) - 22.34*x(24,28) - 16.77*x(24,29) - 19.52*x(24,30) - 12.63*x(24,31) - 22.9*x(24,32) - 25.95*x(24,33) - 2.94*x(24,34) - 12.27*x(24,35) - 15.83*x(24,36) - 17.78*x(24,37) - 20.77*x(24,38) - 8.45*x(24,39) - 2.22*x(24,40) - 13.74*x(25,1) - 11.99*x(25,2) - 7.32*x(25,3) - 4.13*x(25,4) - 2.27*x(25,5) - 8.63*x(25,6) - 11.09*x(25,7) - 1.86*x(25,8) - 4.52*x(25,9) - 22.57*x(25,10) - 4.6*x(25,11) - 13.41*x(25,12) - 7.19*x(25,13) - 3.46*x(25,14) - 5.34*x(25,15) - 4.73*x(25,16) - 9.64*x(25,17) - 9.61*x(25,18) - 14.98*x(25,19) - 14.86*x(25,20) - 5*x(25,21) - 3.57*x(25,22) - 6.28*x(25,23) - 22.43*x(25,24) - 999*x(25,25) - 7.45*x(25,26) - 2.27*x(25,27) - 6.9*x(25,28) - 6*x(25,29) - 13.44*x(25,30) - 9.83*x(25,31) - 4.64*x(25,32) - 4.3*x(25,33) - 20.19*x(25,34) - 10.93*x(25,35) - 7.06*x(25,36) - 7.13*x(25,37) - 1.66*x(25,38) - 13.99*x(25,39) - 21.92*x(25,40) - 14.01*x(26,1) - 5.24*x(26,2) - 12.98*x(26,3) - 3.63*x(26,4) - 6.77*x(26,5) - 1.51*x(26,6) - 4.27*x(26,7) - 7.46*x(26,8) - 8.94*x(26,9) - 15.12*x(26,10) - 2.99*x(26,11) - 14.36*x(26,12) - 3.82*x(26,13) - 7.51*x(26,14) - 8.69*x(26,15) - 8.81*x(26,16) - 4.16*x(26,17) - 4*x(26,18) - 17.61*x(26,19) - 16.51*x(26,20) - 2.85*x(26,21) - 5.42*x(26,22) - 6.83*x(26,23) - 15.77*x(26,24) - 7.45*x(26,25) - 999*x(26,26) - 6.77*x(26,27) - 11.19*x(26,28) - 1.6*x(26,29) - 14.41*x(26,30) - 4.47*x(26,31) - 7.15*x(26,32) - 10.29*x(26,33) - 13.24*x(26,34) - 3.61*x(26,35) - 0.71*x(26,36) - 2.54*x(26,37) - 5.9*x(26,38) - 7.63*x(26,39) - 15.7*x(26,40) - 11.53*x(27,1) - 10.61*x(27,2) - 6.45*x(27,3) - 4.33*x(27,4) - 7.64*x(27,6) - 9.77*x(27,7) - 3.97*x(27,8) - 6.68*x(27,9) - 21.6*x(27,10) - 4.49*x(27,11) - 11.26*x(27,12) - 7.7*x(27,13) - 5.43*x(27,14) - 7.37*x(27,15) - 2.86*x(27,16) - 8.03*x(27,17) - 8.03*x(27,18) - 13.15*x(27,19) - 12.83*x(27,20) - 3.96*x(27,21) - 1.66*x(27,22) - 4.02*x(27,23) - 20.8*x(27,24) - 2.27*x(27,25) - 6.77*x(27,26) - 999*x(27,27) - 5.31*x(27,28) - 5.18*x(27,29) - 11.29*x(27,30) - 8.18*x(27,31) - 6.39*x(27,32) - 6.57*x(27,33) - 18.71*x(27,34) - 9.9*x(27,35) - 6.22*x(27,36) - 7.25*x(27,37) - 1.62*x(27,38) - 12.38*x(27,39) - 20.13*x(27,40) - 8.13*x(28,1) - 13.46*x(28,2) - 2.57*x(28,3) - 9.54*x(28,4) - 5.31*x(28,5) - 11.57*x(28,6) - 12.87*x(28,7) - 8.75*x(28,8) - 11.32*x(28,9) - 24.76*x(28,10) - 9.58*x(28,11) - 7.38*x(28,12) - 12.9*x(28,13) - 10.36*x(28,14) - 12.22*x(28,15) - 2.5*x(28,16) - 10.65*x(28,17) - 10.75*x(28,18) - 8.13*x(28,19) - 8.3*x(28,20) - 8.44*x(28,21) - 5.93*x(28,22) - 4.92*x(28,23) - 22.34*x(28,24) - 6.9*x(28,25) - 11.19*x(28,26) - 5.31*x(28,27) - 999*x(28,28) - 9.66*x(28,29) - 7.38*x(28,30) - 10.65*x(28,31) - 11.5*x(28,32) - 10.49*x(28,33) - 20.81*x(28,34) - 13.53*x(28,35) - 10.52*x(28,36) - 12.29*x(28,37) - 6.92*x(28,38) - 14.5*x(28,39) - 21.18*x(28,40) - 13.06*x(29,1) - 6.19*x(29,2) - 11.4*x(29,3) - 2.59*x(29,4) - 5.18*x(29,5) - 2.64*x(29,6) - 5.24*x(29,7) - 6.23*x(29,8) - 8.05*x(29,9) - 16.59*x(29,10) - 1.92*x(29,11) - 13.31*x(29,12) - 4.2*x(29,13) - 6.55*x(29,14) - 7.99*x(29,15) - 7.25*x(29,16) - 4.39*x(29,17) - 4.28*x(29,18) - 16.35*x(29,19) - 15.38*x(29,20) - 1.26*x(29,21) - 3.84*x(29,22) - 5.51*x(29,23) - 16.77*x(29,24) - 6*x(29,25) - 1.6*x(29,26) - 5.18*x(29,27) - 9.66*x(29,28) - 999*x(29,29) - 13.36*x(29,30) - 4.67*x(29,31) - 6.46*x(29,32) - 9.18*x(29,33) - 14.36*x(29,34) - 4.93*x(29,35) - 1.07*x(29,36) - 3.1*x(29,37) - 4.39*x(29,38) - 8.42*x(29,39) - 16.52*x(29,40) - 1.34*x(30,1) - 13.89*x(30,2) - 9.27*x(30,3) - 14.54*x(30,4) - 11.29*x(30,5) - 13.98*x(30,6) - 13.79*x(30,7) - 15.24*x(30,8) - 17.95*x(30,9) - 24.15*x(30,10) - 14.26*x(30,11) - 0.07*x(30,12) - 17.46*x(30,13) - 16.72*x(30,14) - 18.66*x(30,15) - 8.77*x(30,16) - 11.63*x(30,17) - 11.81*x(30,18) - 4.2*x(30,19) - 2.26*x(30,20) - 12.48*x(30,21) - 10.88*x(30,22) - 8.04*x(30,23) - 19.52*x(30,24) - 13.44*x(30,25) - 14.41*x(30,26) - 11.29*x(30,27) - 7.38*x(30,28) - 13.36*x(30,29) - 999*x(30,30) - 11.43*x(30,31) - 17.61*x(30,32) - 17.51*x(30,33) - 18.93*x(30,34) - 15.06*x(30,35) - 13.73*x(30,36) - 16.44*x(30,37) - 12.78*x(30,38) - 13.65*x(30,39) - 17.81*x(30,40) - 10.72*x(31,1) - 2.82*x(31,2) - 13*x(31,3) - 7.23*x(31,4) - 8.18*x(31,5) - 3.24*x(31,6) - 2.41*x(31,7) - 10.57*x(31,8) - 12.65*x(31,9) - 14.11*x(31,10) - 6.57*x(31,11) - 11.37*x(31,12) - 8.29*x(31,13) - 11.14*x(31,14) - 12.65*x(31,15) - 8.87*x(31,16) - 0.31*x(31,17) - 0.49*x(31,18) - 15.2*x(31,19) - 13.68*x(31,20) - 5.04*x(31,21) - 6.52*x(31,22) - 5.74*x(31,23) - 12.63*x(31,24) - 9.83*x(31,25) - 4.47*x(31,26) - 8.18*x(31,27) - 10.65*x(31,28) - 4.67*x(31,29) - 11.43*x(31,30) - 999*x(31,31) - 11.13*x(31,32) - 13.59*x(31,33) - 10.57*x(31,34) - 3.63*x(31,35) - 4.1*x(31,36) - 7.01*x(31,37) - 8.19*x(31,38) - 4.21*x(31,39) - 12.1*x(31,40) - 17.72*x(32,1) - 12.39*x(32,2) - 11.91*x(32,3) - 3.92*x(32,4) - 6.39*x(32,5) - 8.65*x(32,6) - 11.42*x(32,7) - 2.88*x(32,8) - 2.01*x(32,9) - 21.43*x(32,10) - 4.56*x(32,11) - 17.57*x(32,12) - 4.53*x(32,13) - 1.36*x(32,14) - 1.54*x(32,15) - 9.2*x(32,16) - 10.85*x(32,17) - 10.74*x(32,18) - 19.52*x(32,19) - 19.22*x(32,20) - 6.31*x(32,21) - 6.8*x(32,22) - 9.8*x(32,23) - 22.9*x(32,24) - 4.64*x(32,25) - 7.15*x(32,26) - 6.39*x(32,27) - 11.5*x(32,28) - 6.46*x(32,29) - 17.61*x(32,30) - 11.13*x(32,31) - 999*x(32,32) - 3.92*x(32,33) - 20.31*x(32,34) - 10.65*x(32,35) - 7.2*x(32,36) - 5.3*x(32,37) - 4.83*x(32,38) - 14.75*x(32,39) - 22.84*x(32,40) - 17.91*x(33,1) - 15.37*x(33,2) - 10.05*x(33,3) - 6.67*x(33,4) - 6.57*x(33,5) - 11.71*x(33,6) - 14.41*x(33,7) - 3.02*x(33,8) - 2.03*x(33,9) - 25.1*x(33,10) - 7.33*x(33,11) - 17.49*x(33,12) - 8.35*x(33,13) - 2.9*x(33,14) - 3.13*x(33,15) - 8.74*x(33,16) - 13.35*x(33,17) - 13.28*x(33,18) - 18.59*x(33,19) - 18.74*x(33,20) - 8.55*x(33,21) - 7.79*x(33,22) - 10.58*x(33,23) - 25.95*x(33,24) - 4.3*x(33,25) - 10.29*x(33,26) - 6.57*x(33,27) - 10.49*x(33,28) - 9.18*x(33,29) - 17.51*x(33,30) - 13.59*x(33,31) - 3.92*x(33,32) - 999*x(33,33) - 23.5*x(33,34) - 13.9*x(33,35) - 10.13*x(33,36) - 8.93*x(33,37) - 5.65*x(33,38) - 17.57*x(33,39) - 25.64*x(33,40) - 17.73*x(34,1) - 8.2*x(34,2) - 23.3*x(34,3) - 16.83*x(34,4) - 18.71*x(34,5) - 11.79*x(34,6) - 9.13*x(34,7) - 20.59*x(34,8) - 22.16*x(34,9) - 6.03*x(34,10) - 16.17*x(34,11) - 18.87*x(34,12) - 16.17*x(34,13) - 20.75*x(34,14) - 21.83*x(34,15) - 19.33*x(34,16) - 10.7*x(34,17) - 10.69*x(34,18) - 23.13*x(34,19) - 21.07*x(34,20) - 15.19*x(34,21) - 17.05*x(34,22) - 16.08*x(34,23) - 2.94*x(34,24) - 20.19*x(34,25) - 13.24*x(34,26) - 18.71*x(34,27) - 20.81*x(34,28) - 14.36*x(34,29) - 18.93*x(34,30) - 10.57*x(34,31) - 20.31*x(34,32) - 23.5*x(34,33) - 999*x(34,34) - 9.66*x(34,35) - 13.37*x(34,36) - 15.1*x(34,37) - 18.52*x(34,38) - 6.39*x(34,39) - 4.28*x(34,40) - 14.35*x(35,1) - 2.2*x(35,2) - 15.65*x(35,3) - 7.24*x(35,4) - 9.9*x(35,5) - 2.3*x(35,6) - 1.53*x(35,7) - 11.06*x(35,8) - 12.5*x(35,9) - 11.7*x(35,10) - 6.6*x(35,11) - 15*x(35,12) - 6.69*x(35,13) - 11.1*x(35,14) - 12.18*x(35,15) - 11.4*x(35,16) - 3.43*x(35,17) - 3.25*x(35,18) - 18.76*x(35,19) - 17.29*x(35,20) - 6*x(35,21) - 8.35*x(35,22) - 8.69*x(35,23) - 12.27*x(35,24) - 10.93*x(35,25) - 3.61*x(35,26) - 9.9*x(35,27) - 13.53*x(35,28) - 4.93*x(35,29) - 15.06*x(35,30) - 3.63*x(35,31) - 10.65*x(35,32) - 13.9*x(35,33) - 9.66*x(35,34) - 999*x(35,35) - 3.87*x(35,36) - 5.52*x(35,37) - 9.31*x(35,38) - 4.59*x(35,39) - 12.39*x(35,40) - 13.34*x(36,1) - 5.25*x(36,2) - 12.35*x(36,3) - 3.47*x(36,4) - 6.22*x(36,5) - 1.59*x(36,6) - 4.29*x(36,7) - 7.23*x(36,8) - 8.9*x(36,9) - 15.52*x(36,10) - 2.8*x(36,11) - 13.68*x(36,12) - 4.27*x(36,13) - 7.43*x(36,14) - 8.74*x(36,15) - 8.16*x(36,16) - 3.8*x(36,17) - 3.66*x(36,18) - 16.9*x(36,19) - 15.81*x(36,20) - 2.26*x(36,21) - 4.81*x(36,22) - 6.12*x(36,23) - 15.83*x(36,24) - 7.06*x(36,25) - 0.71*x(36,26) - 6.22*x(36,27) - 10.52*x(36,28) - 1.07*x(36,29) - 13.73*x(36,30) - 4.1*x(36,31) - 7.2*x(36,32) - 10.13*x(36,33) - 13.37*x(36,34) - 3.87*x(36,35) - 999*x(36,36) - 3.02*x(36,37) - 5.46*x(36,38) - 7.56*x(36,39) - 15.66*x(36,40) - 16.16*x(37,1) - 7.49*x(37,2) - 13.7*x(37,3) - 3.03*x(37,4) - 7.25*x(37,5) - 3.91*x(37,6) - 6.55*x(37,7) - 6.5*x(37,8) - 7.27*x(37,9) - 16.18*x(37,10) - 2.75*x(37,11) - 16.4*x(37,12) - 1.28*x(37,13) - 6.03*x(37,14) - 6.78*x(37,15) - 9.79*x(37,16) - 6.7*x(37,17) - 6.54*x(37,18) - 19.35*x(37,19) - 18.45*x(37,20) - 4.05*x(37,21) - 6.36*x(37,22) - 8.53*x(37,23) - 17.78*x(37,24) - 7.13*x(37,25) - 2.54*x(37,26) - 7.25*x(37,27) - 12.29*x(37,28) - 3.1*x(37,29) - 16.44*x(37,30) - 7.01*x(37,31) - 5.3*x(37,32) - 8.93*x(37,33) - 15.1*x(37,34) - 5.52*x(37,35) - 3.02*x(37,36) - 999*x(37,37) - 5.91*x(37,38) - 9.93*x(37,39) - 17.89*x(37,40) - 12.93*x(38,1) - 10.33*x(38,2) - 7.9*x(38,3) - 2.9*x(38,4) - 1.62*x(38,5) - 7.01*x(38,6) - 9.43*x(38,7) - 2.73*x(38,8) - 5.37*x(38,9) - 20.98*x(38,10) - 3.22*x(38,11) - 12.74*x(38,12) - 6.22*x(38,13) - 3.99*x(38,14) - 5.92*x(38,15) - 4.49*x(38,16) - 7.98*x(38,17) - 7.95*x(38,18) - 14.76*x(38,19) - 14.39*x(38,20) - 3.35*x(38,21) - 2.17*x(38,22) - 5.13*x(38,23) - 20.77*x(38,24) - 1.66*x(38,25) - 5.9*x(38,26) - 1.62*x(38,27) - 6.92*x(38,28) - 4.39*x(38,29) - 12.78*x(38,30) - 8.19*x(38,31) - 4.83*x(38,32) - 5.65*x(38,33) - 18.52*x(38,34) - 9.31*x(38,35) - 5.46*x(38,36) - 5.91*x(38,37) - 999*x(38,38) - 12.33*x(38,39) - 20.28*x(38,40) - 12.62*x(39,1) - 2.45*x(39,2) - 16.95*x(39,3) - 11*x(39,4) - 12.38*x(39,5) - 6.12*x(39,6) - 3.38*x(39,7) - 14.59*x(39,8) - 16.45*x(39,9) - 10.61*x(39,10) - 10.32*x(39,11) - 13.58*x(39,12) - 11.16*x(39,13) - 14.97*x(39,14) - 16.3*x(39,15) - 12.94*x(39,16) - 4.37*x(39,17) - 4.38*x(39,18) - 17.75*x(39,19) - 15.9*x(39,20) - 9.07*x(39,21) - 10.72*x(39,22) - 9.7*x(39,23) - 8.45*x(39,24) - 13.99*x(39,25) - 7.63*x(39,26) - 12.38*x(39,27) - 14.5*x(39,28) - 8.42*x(39,29) - 13.65*x(39,30) - 4.21*x(39,31) - 14.75*x(39,32) - 17.57*x(39,33) - 6.39*x(39,34) - 4.59*x(39,35) - 7.56*x(39,36) - 9.93*x(39,37) - 12.33*x(39,38) - 999*x(39,39) - 8.1*x(39,40) - 16.5*x(40,1) - 10.46*x(40,2) - 23.75*x(40,3) - 19.1*x(40,4) - 20.13*x(40,5) - 14.19*x(40,6) - 11.42*x(40,7) - 22.64*x(40,8) - 24.55*x(40,9) - 9.87*x(40,10) - 18.42*x(40,11) - 17.75*x(40,12) - 19.08*x(40,13) - 23.07*x(40,14) - 24.38*x(40,15) - 20.15*x(40,16) - 12.31*x(40,17) - 12.37*x(40,18) - 21.94*x(40,19) - 19.74*x(40,20) - 17.11*x(40,21) - 18.5*x(40,22) - 16.87*x(40,23) - 2.22*x(40,24) - 21.92*x(40,25) - 15.7*x(40,26) - 20.13*x(40,27) - 21.18*x(40,28) - 16.52*x(40,29) - 17.81*x(40,30) - 12.1*x(40,31) - 22.84*x(40,32) - 25.64*x(40,33) - 4.28*x(40,34) - 12.39*x(40,35) - 15.66*x(40,36) - 17.89*x(40,37) - 20.28*x(40,38) - 8.1*x(40,39) - 999*x(40,40) =E= 0 ; (LHS = 0)
     

---- r1  =E=  

r1(1)..  x(1,1) + x(2,1) + x(3,1) + x(4,1) + x(5,1) + x(6,1) + x(7,1) + x(8,1) + x(9,1) + x(10,1) + x(11,1) + x(12,1) + x(13,1) + x(14,1) + x(15,1) + x(16,1) + x(17,1) + x(18,1) + x(19,1) + x(20,1) + x(21,1) + x(22,1) + x(23,1) + x(24,1) + x(25,1) + x(26,1) + x(27,1) + x(28,1) + x(29,1) + x(30,1) + x(31,1) + x(32,1) + x(33,1) + x(34,1) + x(35,1) + x(36,1) + x(37,1) + x(38,1) + x(39,1) + x(40,1) =E= 1 ; (LHS = 0, INFES = 1 ****)
     
r1(2)..  x(1,2) + x(2,2) + x(3,2) + x(4,2) + x(5,2) + x(6,2) + x(7,2) + x(8,2) + x(9,2) + x(10,2) + x(11,2) + x(12,2) + x(13,2) + x(14,2) + x(15,2) + x(16,2) + x(17,2) + x(18,2) + x(19,2) + x(20,2) + x(21,2) + x(22,2) + x(23,2) + x(24,2) + x(25,2) + x(26,2) + x(27,2) + x(28,2) + x(29,2) + x(30,2) + x(31,2) + x(32,2) + x(33,2) + x(34,2) + x(35,2) + x(36,2) + x(37,2) + x(38,2) + x(39,2) + x(40,2) =E= 1 ; (LHS = 0, INFES = 1 ****)
     
r1(3)..  x(1,3) + x(2,3) + x(3,3) + x(4,3) + x(5,3) + x(6,3) + x(7,3) + x(8,3) + x(9,3) + x(10,3) + x(11,3) + x(12,3) + x(13,3) + x(14,3) + x(15,3) + x(16,3) + x(17,3) + x(18,3) + x(19,3) + x(20,3) + x(21,3) + x(22,3) + x(23,3) + x(24,3) + x(25,3) + x(26,3) + x(27,3) + x(28,3) + x(29,3) + x(30,3) + x(31,3) + x(32,3) + x(33,3) + x(34,3) + x(35,3) + x(36,3) + x(37,3) + x(38,3) + x(39,3) + x(40,3) =E= 1 ; (LHS = 0, INFES = 1 ****)
     
REMAINING 37 ENTRIES SKIPPED


---- r2  =E=  

r2(1)..  x(1,1) + x(1,2) + x(1,3) + x(1,4) + x(1,5) + x(1,6) + x(1,7) + x(1,8) + x(1,9) + x(1,10) + x(1,11) + x(1,12) + x(1,13) + x(1,14) + x(1,15) + x(1,16) + x(1,17) + x(1,18) + x(1,19) + x(1,20) + x(1,21) + x(1,22) + x(1,23) + x(1,24) + x(1,25) + x(1,26) + x(1,27) + x(1,28) + x(1,29) + x(1,30) + x(1,31) + x(1,32) + x(1,33) + x(1,34) + x(1,35) + x(1,36) + x(1,37) + x(1,38) + x(1,39) + x(1,40) =E= 1 ; (LHS = 0, INFES = 1 ****)
     
r2(2)..  x(2,1) + x(2,2) + x(2,3) + x(2,4) + x(2,5) + x(2,6) + x(2,7) + x(2,8) + x(2,9) + x(2,10) + x(2,11) + x(2,12) + x(2,13) + x(2,14) + x(2,15) + x(2,16) + x(2,17) + x(2,18) + x(2,19) + x(2,20) + x(2,21) + x(2,22) + x(2,23) + x(2,24) + x(2,25) + x(2,26) + x(2,27) + x(2,28) + x(2,29) + x(2,30) + x(2,31) + x(2,32) + x(2,33) + x(2,34) + x(2,35) + x(2,36) + x(2,37) + x(2,38) + x(2,39) + x(2,40) =E= 1 ; (LHS = 0, INFES = 1 ****)
     
r2(3)..  x(3,1) + x(3,2) + x(3,3) + x(3,4) + x(3,5) + x(3,6) + x(3,7) + x(3,8) + x(3,9) + x(3,10) + x(3,11) + x(3,12) + x(3,13) + x(3,14) + x(3,15) + x(3,16) + x(3,17) + x(3,18) + x(3,19) + x(3,20) + x(3,21) + x(3,22) + x(3,23) + x(3,24) + x(3,25) + x(3,26) + x(3,27) + x(3,28) + x(3,29) + x(3,30) + x(3,31) + x(3,32) + x(3,33) + x(3,34) + x(3,35) + x(3,36) + x(3,37) + x(3,38) + x(3,39) + x(3,40) =E= 1 ; (LHS = 0, INFES = 1 ****)
     
REMAINING 37 ENTRIES SKIPPED


---- r3  =L=  

r3(2,3)..  u(2) - u(3) + 40*x(2,3) =L= 39 ; (LHS = 0)
     
r3(2,4)..  u(2) - u(4) + 40*x(2,4) =L= 39 ; (LHS = 0)
     
r3(2,5)..  u(2) - u(5) + 40*x(2,5) =L= 39 ; (LHS = 0)
     
REMAINING 1479 ENTRIES SKIPPED

GAMS 46.5.0  a671108d May 8, 2024           WEX-WEI x86 64bit/MS Windows - 09/07/24 13:00:29 Page 4
G e n e r a l   A l g e b r a i c   M o d e l i n g   S y s t e m
Column Listing      SOLVE transpor_1 Using MIP From line 65


---- z  

z
                (.LO, .L, .UP, .M = -INF, 0, +INF, 0)
        1       Obj


---- u  

u(2)
                (.LO, .L, .UP, .M = 0, 0, +INF, 0)
        1       r3(2,3)
        1       r3(2,4)
        1       r3(2,5)
        1       r3(2,6)
        1       r3(2,7)
        1       r3(2,8)
        1       r3(2,9)
        1       r3(2,10)
        1       r3(2,11)
        1       r3(2,12)
        1       r3(2,13)
